126 125
0 36 91 64 99 18 70 98 65 67 36 36 33 19 50 88 54 9 60 6 99 79 9 85 18 99 88 88 77 67 84 92 30 36 38 27 24 46 28 23 6 29 27 14 89 11 59 21 4 85 37 41 12 44 52 25 67 48 16 1 20 15 21 5 1 6 37 70 79 62 49 9 31 32 0 63 13 8 62 82 63 85 32 12 7 71 37 55 26 51 49 76 34 16 72 21 26 36 75 79 47 29 26 46 9 60 27 39 95 51 56 46 49 63 21 25 95 0 2 4 55 4 78 97 71
38 16 43 96 9 31 48 51 10 60 60 75 9 78 43 97 40 68 39 82 99 93 58 97 25 90 88 77 53 38 2 59 42 62 86 49 59 37 82 8 45 24 24 92 87 76 96 8 16 47 6 79 56 17 32 64 99 73 45 41 26 80 50 81 96 23 96 79 59 89 12 96 29 71 19 70 9 58 64 38 78 12 25 31 92 99 96 76 66 77 80 38 17 12 44 66 72 46 71 12 53 91 28 4 70 44 18 37 42 30 65 11 42 65 31 64 60 93 57 64 76 35 39 97 42
2 24 5 12 97 4 35 4 93 63 95 44 42 48 11 50 41 66 33 71 98 48 49 40 65 7 46 65 23 5 21 58 64 15 2 81 10 11 30 80 90 20 35 40 29 57 99 17 53 23 78 21 86 47 27 86 69 88 67 2 39 69 62 43 72 89 81 0 32 73 52 72 82 15 71 72 73 98 11 49 24 61 52 13 81 62 40 86 91 64 30 99 65 66 17 83 7 98 92 75 24 81 29 88 78 87 83 42 34 59 24 31 84 67 26 73 45 91 79 36 52 36 76 12 82
98 72 12 76 25 79 90 99 84 34 52 50 68 10 35 78 16 36 80 59 85 55 42 72 71 47 42 80 75 40 73 93 80 30 79 0 78 63 56 85 26 33 25 68 80 25 50 89 80 10 24 1 30 51 74 38 9 83 81 27 58 64 12 95 32 49 87 19 23 30 67 30 44 17 71 53 26 68 94 12 6 87 55 55 71 99 20 62 82 63 7 42 50 24 1 68 75 54 25 19 1 2 21 60 73 56 52 99 73 45 24 99 39 98 69 20 67 12 66 85 22 53 37 46 26
90 72 71 70 29 38 12 42 69 62 44 55 19 93 20 88 84 78 8 35 39 24 91 61 10 87 93 45 25 40 94 24 42 38 6 12 73 84 40 28 59 22 89 13 1 85 63 12 7 75 52 71 2 36 21 39 89 9 64 27 9 44 91 7 62 29 83 2 60 91 96 58 46 38 58 65 8 39 73 30 16 84 75 56 27 98 78 22 6 64 28 38 16 1 19 0 8 0 41 57 58 76 38 68 36 44 34 88 22 2 91 29 54 44 34 64 24 66 29 18 13 22 70 56 1
55 99 97 81 38 78 59 50 84 41 41 0 78 56 43 15 68 88 76 18 83 64 25 26 19 96 40 32 28 84 8 59 62 40 49 16 19 69 37 18 9 49 77 91 23 79 76 61 0 90 89 60 76 66 95 99 18 44 67 65 94 81 19 11 61 77 25 99 27 20 25 82 20 1 75 73 42 33 25 76 23 99 49 47 7 45 47 98 58 39 57 57 42 35 45 28 33 23 0 98 86 88 31 25 60 36 63 47 98 48 8 65 82 98 45 86 76 54 72 27 50 63 51 24 9
49 49 24 48 22 54 42 16 65 71 7 91 31 31 17 44 49 76 67 17 91 35 78 16 92 49 85 65 76 31 53 87 18 92 2 75 82 58 70 1 89 45 6 84 6 81 99 94 58 89 92 90 46 91 6 73 28 34 20 51 32 63 15 4 5 70 33 68 6 58 92 27 36 19 44 26 16 10 71 8 12 20 91 73 90 51 67 9 27 87 3 37 54 53 44 37 81 49 17 80 59 12 42 45 93 46 61 9 25 93 98 13 90 83 52 39 18 70 48 21 91 56 87 28 3
39 86 17 76 1 37 8 33 5 16 80 56 53 70 35 45 94 23 50 36 75 88 49 29 72 30 39 76 22 27 56 18 55 96 76 15 17 85 81 13 48 84 35 13 78 31 67 32 3 50 94 29 51 8 85 26 36 84 37 6 40 27 73 32 69 86 86 98 56 92 0 39 71 37 20 60 39 47 93 5 62 40 12 40 82 0 61 77 35 76 10 73 13 85 10 50 57 37 7 34 32 70 15 19 26 52 13 55 63 57 26 85 76 31 90 19 38 61 19 48 92 86 70 48 47
36 78 29 96 96 90 72 95 21 79 6 21 93 41 21 30 7 32 91 75 96 10 84 96 39 54 57 4 2 24 3 48 24 52 44 88 15 95 49 48 78 90 6 4 57 9 30 9 16 70 90 12 90 81 45 82 40 68 56 1 84 70 91 86 43 39 30 7 98 83 19 15 86 90 3 94 95 35 94 10 36 87 54 37 67 86 31 82 8 48 16 58 34 24 78 64 89 5 78 67 51 23 34 83 16 48 49 51 18 68 56 9 9 84 44 11 87 96 70 21 80 50 41 70 17
48 13 76 84 73 74 9 17 0 49 79 98 14 0 75 51 92 32 62 10 61 25 47 8 38 67 66 61 63 67 7 54 81 85 16 95 18 23 31 72 87 34 66 90 68 45 16 60 16 52 82 84 51 49 58 44 31 76 84 58 76 93 11 63 88 91 78 87 54 61 40 16 5 87 70 21 36 13 29 22 78 64 91 4 93 97 15 50 81 78 62 11 44 76 72 1 20 98 39 80 19 7 41 27 76 91 69 60 3 97 65 41 76 32 37 1 82 56 70 72 50 78 97 11 29
59 53 4 1 2 58 53 23 49 16 92 21 2 49 9 2 77 55 72 53 84 42 5 16 61 21 30 26 83 4 11 45 72 1 81 97 56 82 37 49 73 81 88 3 35 32 9 66 45 28 66 4 46 59 2 81 4 1 63 44 60 68 79 90 46 92 64 23 92 8 2 13 60 88 2 92 92 2 71 87 85 0 27 62 59 39 65 34 16 92 82 8 49 49 60 10 88 17 10 20 2 44 43 17 61 9 5 93 26 83 60 18 0 81 20 49 76 20 40 96 26 65 31 15 59
70 42 13 37 50 66 5 91 1 92 26 93 8 62 69 35 71 67 79 16 10 73 23 42 57 16 18 96 59 71 57 38 53 98 90 88 38 50 50 83 36 78 43 34 49 1 81 74 14 96 40 36 95 76 44 22 56 72 52 18 76 66 32 66 62 49 92 45 87 0 44 11 85 58 2 77 80 1 23 76 8 25 24 7 91 94 3 5 34 35 8 13 4 81 32 32 41 46 69 9 64 29 12 0 28 37 62 28 34 28 30 78 37 26 59 15 28 63 23 9 71 14 61 24 69
0 93 72 78 6 22 56 21 56 27 73 96 36 65 36 32 28 74 0 95 2 87 57 18 15 58 43 60 70 51 62 31 72 47 7 9 70 63 72 7 74 47 63 52 76 90 34 69 75 46 94 9 93 52 31 3 17 29 37 43 57 84 56 81 40 83 53 9 46 27 25 72 54 48 25 93 36 59 46 28 13 43 64 59 60 59 0 58 85 24 24 24 30 34 36 10 85 80 76 65 99 85 39 24 10 9 84 84 53 68 2 22 78 12 14 52 29 62 4 52 61 73 18 33 23
89 19 14 86 51 16 61 38 31 1 79 87 29 9 61 16 71 77 17 65 81 24 55 15 44 58 22 35 84 35 54 66 17 67 0 41 97 22 30 71 76 92 51 11 4 51 2 60 41 90 24 3 66 28 81 63 91 78 69 97 41 53 94 23 38 77 21 61 38 61 92 76 55 74 87 8 89 34 43 66 31 54 6 78 54 71 88 86 87 77 61 71 59 39 19 60 30 89 50 75 53 8 40 63 18 92 23 94 64 94 61 92 46 24 60 17 76 2 77 81 1 60 9 61 1
47 16 24 2 40 83 24 13 9 66 0 44 10 9 23 35 39 29 99 7 45 29 22 37 96 31 88 33 48 41 81 60 21 41 27 54 67 47 90 55 37 64 87 44 67 20 24 90 30 69 26 91 49 90 19 92 67 56 79 39 42 76 67 14 15 72 43 13 64 57 96 24 65 64 41 30 6 65 63 33 42 79 19 23 87 46 68 68 78 28 31 29 25 5 77 7 92 36 16 64 86 75 12 38 2 75 42 34 6 74 66 49 45 89 86 23 42 44 44 48 28 68 28 29 9
68 38 84 86 45 75 16 62 46 8 28 80 88 43 95 81 47 11 92 92 67 98 34 56 38 5 47 86 83 87 83 71 3 79 4 53 91 44 8 37 81 17 55 67 77 47 93 61 70 12 15 69 66 28 0 28 44 59 99 31 49 42 58 22 85 62 19 18 53 74 38 7 78 16 9 15 81 38 77 22 97 1 17 61 32 84 47 69 46 59 86 77 67 49 18 70 43 7 51 61 30 47 50 39 58 76 60 43 24 81 22 65 96 65 9 44 25 20 94 9 43 47 9 77 20
82 16 32 32 51 7 6 48 77 36 72 29 39 46 39 91 3 22 64 93 91 85 94 82 81 80 6 62 55 59 64 48 11 66 5 94 4 27 79 77 83 21 21 42 60 90 82 11 86 56 13 42 16 94 15 82 80 49 34 89 12 39 52 4 68 79 21 6 26 37 32 49 21 6 45 15 15 9 87 23 4 97 22 42 64 91 74 9 99 84 74 70 71 37 22 54 33 14 68 77 87 22 59 16 56 24 63 80 84 47 98 31 92 29 84 85 17 72 40 54 67 33 11 0 73
50 15 98 9 14 92 41 92 62 91 81 63 69 92 61 77 43 9 96 85 26 68 8 17 57 37 52 70 69 44 30 12 87 52 64 45 49 80 14 24 8 87 81 5 64 45 6 69 8 88 29 51 21 86 89 33 63 84 16 89 15 23 5 3 32 6 23 30 98 42 90 38 81 42 48 83 34 53 42 34 71 14 99 48 3 98 27 98 17 98 42 1 58 53 98 8 44 37 5 89 10 48 82 27 35 53 24 89 71 12 49 64 53 35 2 79 53 67 61 78 86 25 57 86 92
39 63 83 42 96 31 49 66 64 35 30 1 96 92 50 79 4 84 93 40 64 5 56 24 28 32 26 78 94 6 63 57 22 85 16 79 38 11 35 17 20 35 27 49 68 92 34 9 28 3 68 67 79 87 26 55 72 26 40 35 79 79 92 94 86 20 88 75 50 22 24 31 25 88 75 18 77 20 34 96 61 73 6 55 51 22 2 83 86 53 40 75 60 64 91 17 73 89 79 49 70 11 56 82 58 5 46 45 87 65 49 61 92 5 75 81 88 88 9 98 84 52 27 69 51
72 55 66 46 10 17 87 80 21 6 12 57 85 27 2 24 18 25 66 45 35 14 25 89 94 36 62 86 94 53 45 34 22 57 83 65 58 52 63 90 92 49 72 82 95 83 73 81 69 50 74 18 68 75 18 94 79 59 82 45 68 22 24 4 52 18 8 58 62 69 77 18 52 4 33 25 8 78 4 55 35 38 38 27 81 56 15 58 39 46 56 69 79 58 66 23 93 44 92 23 96 89 56 16 42 76 83 39 85 69 92 54 78 43 77 97 97 5 6 87 86 64 52 78 85
80 32 77 32 4 13 63 85 76 91 33 56 32 27 65 90 27 30 34 48 38 74 32 92 55 18 45 93 97 17 64 24 84 61 36 68 71 97 0 90 15 26 25 92 74 10 58 31 21 48 54 10 63 57 15 73 68 53 44 13 56 66 97 68 6 70 26 2 37 9 78 26 14 99 40 47 89 37 8 72 2 90 62 35 91 78 14 97 26 95 17 97 10 88 38 83 83 64 77 90 79 27 96 31 49 15 32 97 78 71 19 89 50 92 80 95 74 42 89 10 37 5 23 36 89
78 55 53 26 54 67 97 4 30 83 34 18 30 1 84 57 78 93 91 99 97 47 58 79 32 92 96 58 46 86 23 34 14 26 12 29 5 17 24 21 87 60 8 67 25 93 76 65 82 97 41 66 76 93 3 8 3 27 20 69 75 87 27 36 81 58 99 46 26 88 8 99 11 50 13 30 90 37 59 82 90 93 64 75 47 76 68 66 43 37 45 68 26 78 30 68 0 0 68 75 90 52 95 91 91 1 63 5 77 45 81 75 56 85 75 19 48 80 25 69 29 14 88 97 59
28 45 83 9 67 31 84 25 25 59 88 83 25 22 68 63 32 99 39 12 31 88 92 48 77 10 14 41 12 68 0 73 79 34 44 80 47 53 28 0 71 75 83 77 45 6 93 51 91 94 29 87 83 27 17 76 86 96 24 90 88 91 53 30 56 12 83 17 88 28 17 88 77 9 19 33 8 7 44 15 97 23 85 49 11 59 55 34 19 15 65 62 88 69 12 57 45 5 85 22 35 61 34 20 64 21 86 99 19 55 13 97 74 79 89 0 32 83 96 78 47 87 96 84 3
58 57 14 25 72 4 46 38 17 39 63 85 44 9 50 91 87 72 44 38 31 66 39 95 51 43 24 22 32 43 53 40 63 70 32 68 59 19 6 96 75 84 28 75 62 22 84 44 28 86 19 58 9 96 63 75 7 48 85 7 52 32 91 8 17 51 27 81 12 79 32 12 91 99 61 39 9 21 58 89 4 53 8 85 74 13 26 30 23 1 93 20 14 98 15 0 23 3 11 52 93 20 89 79 67 50 20 13 63 24 51 63 18 91 9 74 5 9 25 32 47 65 12 66 44
8 45 73 73 76 77 13 98 12 16 21 68 5 92 84 91 77 88 52 20 69 75 29 85 28 9 73 17 84 25 42 13 66 30 36 59 70 14 49 9 90 88 68 65 79 67 99 8 76 44 86 16 18 95 97 23 49 11 30 22 92 96 16 95 30 25 35 22 24 25 69 48 84 48 48 0 46 25 54 88 96 93 55 71 83 0 30 66 23 22 51 91 90 64 45 12 61 99 39 60 50 96 81 65 54 78 70 29 45 69 35 74 2 93 38 4 7 54 32 6 47 31 3 84 98
91 90 31 67 41 22 84 35 78 41 80 97 39 47 60 5 2 65 49 42 80 5 50 61 10 50 97 70 6 27 4 98 27 96 58 44 33 99 40 66 57 10 47 92 80 17 33 13 38 80 19 59 72 44 40 7 74 62 30 76 8 94 12 61 86 86 97 5 82 2 45 69 64 83 6 98 67 17 27 12 94 4 20 10 59 48 95 80 99 93 96 49 35 54 43 58 38 85 23 43 48 68 11 3 48 78 72 61 34 2 87 34 85 22 84 57 24 93 84 56 62 40 3 61 83
29 60 29 94 93 27 21 51 2 9 20 1 17 40 29 21 22 51 78 1 83 59 76 90 63 28 84 78 62 80 89 97 73 45 25 49 32 64 90 54 4 99 20 44 40 31 33 87 7 24 93 91 80 33 51 25 99 85 77 40 67 29 79 98 3 55 83 44 17 50 51 84 48 21 4 62 60 49 22 42 87 17 85 66 81 1 14 67 79 47 34 20 5 25 46 25 87 84 0 32 50 24 88 32 40 96 65 73 73 29 46 74 9 60 53 12 36 78 78 27 81 8 60 81 22
82 6 75 69 32 89 21 37 79 27 98 22 66 6 86 58 51 92 89 35 16 84 46 14 24 52 86 15 16 72 14 64 94 49 40 19 77 23 70 0 32 24 76 76 88 78 3 27 8 44 57 19 78 99 66 1 47 20 77 86 40 72 82 99 34 61 89 82 82 16 92 38 57 16 12 52 99 6 92 71 60 10 89 10 62 50 75 44 97 54 18 30 83 31 83 12 86 66 96 67 54 82 96 32 96 37 92 25 95 79 20 83 36 10 87 71 76 49 2 3 52 91 5 35 92
33 1 10 87 30 47 24 33 37 19 75 90 69 64 65 66 89 69 66 19 32 5 55 71 50 64 99 24 43 42 80 74 88 40 11 72 15 25 82 35 81 81 35 54 10 12 39 14 49 58 10 89 4 8 39 85 96 64 94 25 52 34 88 94 1 83 52 9 43 12 57 34 41 77 80 83 48 42 23 22 2 94 51 20 47 75 86 25 84 66 73 55 86 87 98 34 16 57 12 11 70 20 87 94 70 24 74 83 0 51 36 78 39 80 94 5 11 94 71 17 3 84 91 72 17
22 10 38 69 19 58 89 16 38 38 28 45 58 63 59 10 73 62 95 19 99 94 5 65 4 59 60 49 29 89 19 46 55 12 83 84 49 87 34 34 74 38 87 90 5 44 12 99 0 84 42 34 28 10 39 11 13 80 82 74 51 65 96 38 92 70 14 89 58 45 66 96 98 91 94 41 77 25 90 87 99 63 15 92 38 50 50 96 43 55 41 77 11 52 63 67 59 93 97 17 22 73 70 84 80 21 63 99 8 89 82 68 88 83 70 22 15 76 33 63 43 88 52 62 18
20 99 85 99 21 37 61 15 51 24 38 14 84 62 86 9 1 34 40 65 34 97 57 94 33 79 9 84 52 79 95 67 62 32 1 5 40 10 74 7 16 79 24 66 90 94 96 5 70 46 39 54 14 19 97 80 42 28 34 6 15 38 51 94 86 91 33 97 16 8 28 43 43 18 80 86 42 97 65 41 59 31 95 27 86 55 67 57 83 65 36 2 18 98 93 65 79 20 45 96 46 22 35 69 93 23 99 9 26 21 89 28 79 84 89 9 29 16 95 33 54 28 47 79 3
32 90 25 20 86 53 41 0 83 11 43 64 30 88 13 17 32 39 33 25 72 43 61 3 78 90 22 18 76 78 89 72 52 1 2 63 64 99 71 25 99 5 8 69 29 60 42 86 70 78 84 74 14 1 5 23 64 16 28 85 54 49 39 38 8 67 54 46 78 95 56 27 54 70 77 58 87 1 70 48 33 43 64 53 65 2 51 97 30 46 76 65 99 32 86 23 55 64 85 6 92 76 4 25 82 62 11 41 19 47 32 86 73 15 33 4 78 29 79 24 57 1 10 5 77
25 83 98 68 83 63 93 80 64 73 84 2 16 59 81 34 54 58 18 21 92 97 24 7 64 51 60 37 91 55 69 88 40 82 98 44 51 12 31 3 61 47 27 64 44 22 49 76 0 96 41 87 2 80 94 98 13 91 68 26 61 41 70 94 48 2 78 75 34 23 55 91 41 63 57 49 90 65 76 20 46 58 82 41 8 87 83 40 99 23 7 75 75 91 8 21 67 41 2 71 8 79 63 49 4 28 81 51 25 22 70 31 83 95 97 21 67 38 39 3 3 48 76 64 11
36 53 24 73 52 68 97 18 21 45 17 0 8 31 36 83 92 44 3 36 7 6 80 9 11 89 30 70 67 23 69 38 45 39 81 52 34 36 25 82 32 51 90 76 24 29 98 30 31 7 91 8 48 92 88 16 55 54 61 89 65 91 88 7 90 40 14 23 30 56 21 68 23 92 97 54 60 0 90 42 17 68 34 51 67 92 94 26 73 60 87 51 94 72 39 71 76 11 76 25 25 30 16 28 47 53 89 52 46 75 52 82 2 80 42 43 50 16 87 99 11 77 9 51 30
68 6 24 26 55 14 69 97 55 58 44 56 20 82 89 25 12 16 52 6 36 4 49 39 53 22 96 80 84 76 60 7 25 9 76 11 24 90 65 36 98 99 31 65 80 95 59 85 44 72 36 26 62 54 55 52 96 99 53 93 35 68 60 38 48 51 79 1 23 66 41 97 20 23 7 26 91 62 62 57 29 16 56 57 71 18 80 1 88 33 62 92 43 44 74 76 62 13 8 50 34 23 1 90 43 34 70 19 79 16 58 64 78 56 32 27 72 20 14 92 85 11 86 11 95
91 21 15 32 1 6 46 4 86 45 65 93 31 9 66 54 95 46 71 7 28 42 27 41 60 94 32 45 69 33 67 89 47 48 66 92 99 50 52 49 59 97 67 57 70 65 31 59 56 38 26 62 72 82 7 57 56 74 6 98 60 99 74 5 48 51 79 30 32 97 16 45 41 78 89 78 56 84 59 28 24 15 80 53 51 90 56 89 1 61 43 81 65 36 82 90 44 17 1 41 21 99 34 41 55 40 26 42 31 8 33 3 79 71 84 57 8 12 31 98 72 38 46 64 25
26 24 16 69 21 46 58 15 1 75 24 78 85 47 61 75 53 77 4 84 4 87 22 44 74 0 31 9 15 38 17 30 91 48 14 43 57 13 93 23 81 18 34 22 32 54 38 16 47 58 48 32 29 27 78 7 9 34 17 61 75 7 25 16 15 47 16 25 70 53 32 29 61 73 95 37 37 36 58 93 39 43 78 32 43 65 18 78 41 33 61 60 85 6 77 20 13 30 82 52 85 36 87 74 89 9 6 19 50 42 93 80 32 66 58 0 87 66 0 68 63 1 19 89 94
53 36 29 41 17 40 80 66 5 13 62 24 56 50 98 61 91 17 36 73 63 31 18 20 19 72 45 2 83 19 88 5 24 32 56 72 30 42 5 88 85 55 17 11 65 64 5 40 79 23 52 26 43 28 46 40 22 10 66 39 89 34 8 90 37 60 83 4 10 44 41 63 35 65 36 72 50 54 31 27 62 28 13 72 36 48 87 60 93 44 21 14 76 32 39 51 44 5 87 16 86 32 2 64 17 84 84 13 54 50 2 10 71 67 18 88 63 87 29 41 66 60 5 63 2
37 15 15 83 11 74 42 39 29 77 37 38 21 54 30 92 40 9 90 66 88 71 67 56 26 45 69 16 28 6 43 43 62 23 77 29 9 43 89 8 68 16 53 13 29 20 63 34 54 3 85 83 74 5 73 88 80 47 34 51 3 43 63 58 89 80 87 34 44 15 4 65 6 87 81 87 75 1 34 88 18 28 28 68 54 53 32 38 83 63 45 67 61 87 53 30 0 63 53 98 76 23 5 28 43 57 65 36 12 60 50 19 7 87 86 31 46 73 30 27 24 47 10 67 50
95 93 53 29 87 73 57 64 95 37 79 19 62 26 32 58 31 83 22 35 3 83 66 37 52 15 32 92 8 54 88 63 68 68 69 95 77 11 52 19 99 5 92 92 45 30 91 87 24 82 85 37 74 97 66 92 3 32 87 61 72 66 96 6 11 12 94 33 43 21 4 67 69 41 19 81 90 45 56 16 86 14 97 91 86 17 12 36 55 32 31 55 76 86 7 29 51 34 56 11 34 35 55 84 74 55 21 37 36 71 61 33 52 8 0 3 93 30 2 5 6 18 16 82 86
31 64 85 87 4 64 25 94 25 97 32 63 92 13 59 49 21 99 32 3 3 71 72 14 18 13 90 16 4 28 0 89 90 33 11 55 5 74 26 63 27 17 57 60 33 41 11 26 27 87 22 74 62 3 75 74 95 3 42 64 91 89 12 28 14 76 94 60 84 54 24 21 76 12 23 86 14 60 17 89 95 89 58 43 49 78 94 60 57 5 55 32 91 16 90 71 89 42 58 96 30 89 56 58 6 44 73 12 94 22 81 46 8 1 76 8 56 51 21 59 54 78 15 98 29
51 63 98 49 42 6 92 4 19 29 73 48 0 19 51 49 84 84 61 59 7 50 32 8 64 4 36 36 77 87 94 60 86 23 7 99 83 19 73 22 67 79 79 21 9 9 65 93 6 71 52 6 9 54 23 57 25 46 55 10 11 41 20 94 88 95 4 89 23 66 23 58 9 30 0 20 17 96 35 39 92 47 8 83 97 27 66 75 97 37 53 51 9 6 15 29 35 83 36 79 49 81 37 76 28 47 11 67 82 25 23 29 9 41 77 19 35 78 97 22 79 85 75 4 89
31 12 32 50 2 67 86 16 9 47 85 34 5 0 88 75 14 30 96 18 96 53 96 5 31 27 79 96 40 64 19 53 19 85 96 8 18 32 98 16 83 15 28 17 49 51 39 34 69 31 98 92 17 71 15 0 9 19 31 29 94 13 38 87 14 0 28 83 28 64 60 6 8 12 81 78 43 5 83 38 46 74 82 69 74 51 46 28 3 70 28 42 21 47 39 14 57 87 70 83 93 32 8 53 40 55 60 59 51 77 3 87 5 75 28 40 85 78 86 78 92 54 67 70 4
41 75 1 97 79 46 9 86 29 29 29 52 94 13 36 84 19 34 61 34 37 30 28 1 85 54 11 99 47 78 11 48 87 0 85 76 6 24 40 64 43 72 95 7 16 16 3 40 99 82 55 28 21 9 21 77 52 57 25 97 80 85 16 1 38 70 58 25 3 49 70 71 95 45 0 65 38 75 63 48 67 28 38 30 77 72 67 95 74 58 40 28 34 42 11 3 34 28 41 94 90 13 54 32 34 56 70 54 63 27 91 97 63 73 23 7 42 27 3 64 22 87 86 92 27
90 53 83 55 78 49 4 12 43 95 32 79 12 78 5 84 97 53 71 95 90 62 99 77 77 22 96 95 13 24 17 71 3 1 37 25 86 8 89 70 2 64 79 33 38 29 12 45 69 71 37 63 63 7 26 93 99 55 78 91 9 59 26 4 6 81 81 80 84 55 84 63 61 81 17 11 44 32 90 21 46 30 74 23 89 62 16 12 65 9 24 7 54 55 92 21 26 30 82 65 17 67 93 37 30 25 95 11 80 43 62 9 1 3 49 60 88 49 99 21 2 60 58 95 82
19 83 57 3 2 30 61 34 64 73 21 26 12 70 52 68 3 43 82 40 15 31 71 22 31 13 97 75 45 36 83 87 94 37 63 98 11 67 28 72 71 86 22 1 95 13 42 25 54 27 50 37 58 72 42 14 74 4 22 83 1 76 45 8 57 73 27 69 32 18 82 23 48 37 99 6 98 81 73 72 24 27 61 37 99 34 22 97 45 18 63 96 38 0 44 31 23 91 74 58 49 64 83 81 89 71 96 95 58 75 46 75 43 76 63 99 83 57 55 60 35 25 58 53 14
72 91 90 33 85 12 24 30 6 0 45 72 81 26 0 5 98 55 45 53 55 0 27 61 24 77 32 91 22 90 71 68 57 41 52 78 41 47 28 82 65 14 6 22 31 80 80 93 2 53 56 22 12 46 57 59 59 14 43 17 34 99 7 4 3 84 90 28 97 43 58 25 59 6 68 61 10 28 79 22 19 22 6 56 25 10 16 58 59 69 34 8 79 90 32 83 12 24 56 83 15 48 36 8 17 20 37 97 34 9 91 69 54 34 78 92 46 68 93 8 99 52 99 37 60
92 21 12 77 26 61 75 23 73 31 5 0 42 46 23 33 75 54 73 29 37 87 11 71 54 64 70 41 55 70 11 83 81 21 69 31 11 60 29 3 48 77 67 32 73 17 61 75 0 72 69 82 48 63 3 91 49 66 87 91 47 37 70 38 19 79 55 50 30 75 78 35 27 46 96 50 44 57 22 16 20 21 34 26 45 3 48 80 18 74 45 97 46 40 39 75 44 93 12 62 65 83 30 87 50 15 88 56 86 88 51 88 34 16 33 89 98 40 91 64 19 56 44 19 40
9 84 22 90 4 28 85 34 15 54 29 34 25 80 6 42 54 5 10 57 62 69 81 67 79 51 30 57 38 57 27 72 69 36 69 36 77 7 56 27 53 57 32 94 51 77 14 42 9 37 90 26 83 17 54 90 28 53 31 1 31 27 10 94 88 43 59 59 98 56 71 10 67 42 64 27 94 86 55 58 43 82 6 18 9 34 89 8 13 42 52 72 58 32 30 21 84 44 67 65 45 66 33 63 92 72 33 88 61 20 53 45 80 75 9 74 63 16 34 80 59 95 66 39 75
23 39 88 35 11 3 13 8 28 16 28 19 96 30 18 60 93 91 80 91 89 29 90 20 78 18 87 17 24 3 95 97 67 95 11 27 53 2 81 35 40 35 54 25 75 80 1 21 46 39 50 34 63 58 94 74 13 10 84 47 26 76 68 86 99 74 65 6 94 25 75 62 76 56 99 77 12 56 14 96 78 24 41 49 18 42 89 92 98 2 26 21 27 76 87 22 22 21 42 11 62 3 95 71 19 53 93 28 98 59 46 13 13 35 22 61 3 10 7 50 24 40 11 55 64
11 72 71 28 28 95 75 6 11 59 24 36 57 11 64 70 34 16 21 96 84 26 90 47 87 71 79 37 20 15 95 3 89 97 45 33 91 21 77 81 75 34 28 76 72 10 39 38 37 42 90 8 38 29 76 66 37 36 46 76 35 30 50 13 78 72 38 66 9 47 38 86 52 51 41 64 7 46 45 77 91 78 33 40 28 59 90 5 87 78 57 47 40 54 90 70 53 23 72 74 29 52 17 32 86 13 76 35 69 37 73 65 55 47 79 93 62 19 8 12 28 0 46 85 77
22 26 42 86 16 7 9 46 31 68 80 33 93 74 6 14 89 11 39 25 56 2 67 77 74 95 54 50 81 15 42 45 14 2 55 22 82 80 16 93 79 52 92 47 72 90 21 13 70 96 20 95 30 77 86 80 0 64 79 99 3 29 33 54 28 3 13 10 38 19 20 80 47 10 59 64 27 65 37 99 75 28 74 25 31 68 6 14 84 82 82 35 7 40 46 29 75 27 16 54 22 38 48 73 89 49 53 66 85 23 72 41 68 0 46 2 45 28 27 37 93 33 8 62 16
49 29 77 7 80 97 14 44 92 99 59 23 55 92 24 12 36 2 72 10 26 19 47 15 69 95 51 63 79 41 55 19 63 1 57 14 61 0 11 35 69 31 50 80 50 52 21 25 96 64 1 71 57 15 87 63 57 91 36 64 85 68 64 14 98 99 69 59 31 40 17 44 6 48 53 23 62 91 51 14 32 17 22 12 50 18 63 84 76 31 89 77 92 39 12 55 32 45 60 58 61 14 18 46 82 64 46 46 88 28 33 45 73 47 57 71 42 14 25 64 58 16 44 0 51
90 71 97 16 72 9 33 26 27 12 0 51 14 25 37 5 62 1 30 78 75 0 25 45 12 88 80 4 92 22 40 70 60 53 89 85 13 20 10 30 51 86 49 55 20 71 68 20 31 61 76 51 69 7 85 40 34 29 35 12 54 31 23 15 53 70 91 81 11 16 75 26 82 94 46 33 97 2 91 36 46 45 45 0 57 99 91 80 76 90 43 24 57 31 70 22 36 76 95 5 65 99 24 37 46 69 86 89 50 75 10 41 2 26 48 20 42 71 39 99 68 88 42 86 22
7 34 94 31 20 83 8 97 5 78 60 12 28 56 25 95 50 4 64 85 89 11 55 34 24 56 61 34 36 3 52 75 53 95 62 60 98 88 66 55 18 64 73 4 98 16 99 11 53 54 9 71 71 3 96 47 98 15 70 92 40 5 59 79 5 40 16 45 57 80 39 82 85 95 61 24 35 78 76 71 67 92 42 3 62 57 53 47 88 70 17 40 38 23 83 61 44 4 96 57 54 13 50 11 9 71 32 66 34 15 53 34 36 7 51 54 70 0 93 36 51 87 58 75 42
18 97 46 12 14 81 91 29 33 71 34 90 88 4 65 1 51 57 66 33 24 18 97 52 91 86 67 3 67 45 89 51 9 67 98 50 18 42 24 42 94 50 75 7 7 96 90 56 94 34 83 28 33 47 55 99 6 66 70 38 90 90 0 93 34 63 28 84 66 47 49 87 72 51 43 75 61 40 68 0 69 94 63 58 96 25 41 9 77 14 20 15 55 29 51 93 94 40 32 25 94 62 9 16 69 49 16 35 79 99 72 96 21 28 15 21 36 91 58 14 30 48 23 72 78
55 63 27 74 7 30 72 7 43 7 71 92 60 65 51 35 60 97 7 97 6 55 15 76 87 48 60 38 8 96 44 25 42 87 46 42 31 50 30 22 40 67 92 33 67 93 13 90 41 79 80 74 5 17 32 95 40 74 22 85 11 58 93 70 43 42 43 12 45 96 43 61 59 10 11 10 47 97 31 37 63 98 41 81 89 32 47 84 45 38 12 76 81 70 68 15 41 85 52 79 43 29 0 52 87 98 28 36 2 51 83 24 14 80 69 95 59 54 19 81 70 33 7 18 31
47 60 21 37 30 35 26 90 54 46 60 54 20 82 62 60 27 23 82 5 37 25 32 45 57 38 78 57 12 92 77 95 18 43 40 39 55 7 3 78 18 35 86 53 68 31 28 98 12 41 2 38 15 47 99 26 4 22 44 33 67 35 59 73 53 69 70 36 13 28 77 12 15 32 70 4 92 73 85 89 13 95 75 7 27 90 94 8 6 84 81 91 50 3 78 24 29 95 41 19 91 14 33 14 57 96 49 42 57 13 49 40 10 58 36 31 37 5 40 6 9 77 69 43 69
81 81 55 66 6 35 99 4 84 21 95 17 42 2 65 31 30 58 49 99 74 91 4 11 51 46 64 7 40 30 50 36 84 15 69 65 10 99 87 88 29 1 84 51 16 47 50 73 20 92 72 44 18 43 51 75 42 78 46 50 33 7 97 69 32 88 53 24 13 35 12 37 19 53 96 46 6 26 15 53 76 15 76 66 32 94 79 69 74 33 72 56 58 14 91 97 43 34 98 27 49 14 67 62 27 75 61 87 32 47 88 47 81 24 65 94 87 54 44 34 38 87 84 92 70
88 36 23 33 35 75 38 0 13 77 11 98 92 95 25 91 48 76 99 25 12 66 31 92 79 37 35 61 48 10 17 54 47 82 40 14 71 15 15 6 89 38 73 68 90 48 75 22 88 21 91 32 49 47 89 20 94 48 64 38 8 8 78 30 75 17 89 68 13 9 37 8 41 24 66 65 30 20 86 80 97 68 27 86 23 8 39 53 89 75 1 86 95 31 70 33 98 46 93 94 47 41 58 73 22 39 24 81 41 28 77 66 7 50 90 82 73 55 34 69 43 82 67 27 88
25 19 12 20 69 70 84 42 96 1 47 91 62 21 8 88 69 7 19 85 4 64 95 60 22 56 66 95 89 78 43 34 81 79 20 75 66 44 49 74 82 3 0 83 60 55 41 20 9 13 97 13 16 33 74 67 63 21 34 51 67 48 61 5 73 35 20 64 77 73 47 94 13 84 54 26 70 96 58 65 9 78 15 46 11 48 87 95 65 48 51 22 60 32 67 63 29 99 75 40 69 65 20 16 59 34 12 4 76 80 65 34 36 40 60 81 57 63 70 57 28 93 98 72 21
2 65 62 56 63 41 38 50 28 78 60 40 97 28 91 41 42 36 99 21 99 49 7 69 68 96 26 4 35 4 81 84 29 95 47 60 95 21 92 95 44 72 67 90 94 70 17 90 73 12 41 75 1 83 8 65 2 52 26 57 37 80 13 12 48 59 13 13 44 70 80 27 13 60 33 46 58 17 69 60 99 88 67 88 4 25 61 91 71 93 83 61 72 27 56 71 57 88 89 18 60 48 85 62 22 64 7 59 1 93 17 67 45 30 99 87 15 46 1 32 98 56 11 38 53
62 49 49 83 78 30 46 50 58 64 87 3 62 67 70 54 91 89 80 71 75 89 31 80 45 15 12 62 15 90 80 41 42 92 73 95 73 31 61 7 48 71 99 41 10 81 86 84 98 36 95 12 69 68 26 5 71 82 28 13 80 83 22 78 7 30 6 24 1 7 3 62 62 22 75 59 91 59 41 84 34 1 63 90 97 37 59 71 73 36 42 55 56 9 88 92 47 81 41 10 85 80 46 18 56 90 11 12 37 68 14 52 80 3 63 4 12 77 63 63 72 30 90 54 42
0 5 23 91 33 94 26 83 35 57 11 4 45 28 98 87 94 70 74 58 15 5 75 59 52 30 13 39 21 5 38 71 31 15 28 1 35 12 28 95 1 35 59 10 47 33 15 61 78 72 99 58 12 26 24 27 25 94 63 54 82 89 42 20 12 43 69 14 84 70 92 30 73 19 27 23 78 93 55 41 75 92 92 87 31 94 13 87 82 92 71 95 69 31 33 78 2 79 44 42 35 70 18 84 16 42 88 58 46 57 95 41 47 10 56 70 49 73 87 23 14 37 21 55 77
17 48 94 43 32 53 74 77 9 58 13 95 54 75 22 76 8 67 8 59 72 12 2 81 43 22 71 50 48 0 45 76 22 87 94 68 8 98 40 38 4 0 95 93 32 10 30 17 20 47 43 21 84 48 75 71 28 44 78 26 81 91 79 14 97 67 61 21 73 67 60 10 61 68 31 2 69 64 34 48 61 58 2 93 2 68 82 94 23 17 4 43 16 2 1 42 65 41 74 64 14 24 79 66 96 84 25 21 55 79 52 62 85 52 41 54 99 50 27 6 51 63 17 53 30
85 11 24 3 74 21 93 71 96 88 12 63 23 88 35 30 97 90 86 10 70 5 69 48 5 25 30 3 40 58 99 47 76 93 41 30 12 94 23 43 1 99 68 10 27 21 16 83 11 48 12 69 7 98 10 94 90 98 30 80 14 29 9 86 53 29 28 35 9 87 19 2 25 81 66 9 54 68 13 9 88 54 13 75 33 0 73 51 71 25 8 14 64 53 58 81 4 69 52 72 86 27 32 61 77 93 36 88 14 38 5 72 25 43 98 25 65 2 72 8 61 61 69 14 35
59 38 67 63 50 9 49 58 22 51 47 7 25 53 7 73 40 85 45 66 65 19 22 25 29 14 9 94 46 97 62 27 24 19 47 68 58 84 77 69 8 79 68 9 78 10 43 70 97 37 32 72 35 65 39 46 14 27 34 34 32 45 69 80 36 11 68 35 58 66 99 54 81 37 90 66 3 54 16 96 59 20 37 43 26 2 24 93 17 4 45 23 20 17 75 68 94 16 70 37 13 48 89 54 57 72 65 37 18 77 85 28 59 97 7 81 53 36 30 28 63 7 66 99 56
6 70 59 69 16 44 58 51 61 53 49 91 84 10 46 99 59 15 62 4 31 83 91 65 27 32 86 55 63 28 89 62 9 77 76 74 12 79 62 63 64 89 33 26 68 13 60 48 12 32 26 15 28 56 63 32 51 29 14 10 29 0 54 75 30 19 31 61 65 75 82 95 98 48 27 89 52 50 23 7 27 0 50 32 72 41 64 94 76 46 82 46 59 15 51 80 62 21 35 61 24 47 16 37 31 93 46 10 21 92 39 92 0 3 83 0 90 70 99 90 26 23 87 91 96
28 40 24 40 20 92 24 71 19 5 10 51 55 20 48 27 47 34 97 46 7 50 6 65 90 4 58 86 77 49 35 5 42 64 66 85 94 61 90 31 63 2 92 78 85 99 91 57 1 36 89 19 84 17 3 14 19 84 97 30 9 59 44 96 28 47 97 42 74 89 85 9 73 27 83 13 45 79 64 98 85 70 72 43 53 7 87 40 10 40 82 31 88 44 45 59 41 98 61 70 75 59 22 45 60 17 57 71 6 24 56 82 76 80 57 90 67 33 16 0 61 39 35 48 97
7 4 17 58 63 87 40 73 39 54 74 36 22 92 22 33 43 13 88 33 82 54 33 39 79 18 28 99 5 99 83 73 40 86 61 89 41 66 71 59 17 92 15 0 37 64 7 81 88 24 54 86 66 50 99 95 46 97 87 14 54 72 52 49 20 7 82 21 4 58 88 77 64 57 52 59 87 26 76 21 21 29 99 46 14 38 50 92 99 41 66 57 35 85 17 67 42 48 42 54 59 9 3 41 15 98 82 61 64 16 77 91 75 21 36 82 74 72 48 19 44 66 91 63 2
46 10 34 19 1 39 68 70 20 84 35 76 31 59 25 67 26 98 98 25 95 33 21 85 52 68 16 9 74 73 32 42 53 72 69 70 55 9 5 58 85 18 77 62 63 44 29 76 8 22 10 73 85 80 32 20 32 4 3 15 96 40 23 39 73 65 93 36 15 6 58 21 0 83 74 12 14 18 12 12 94 17 93 75 91 80 85 9 32 68 44 96 59 58 20 96 32 22 8 22 58 13 92 26 15 42 1 5 81 21 55 84 97 41 93 12 60 27 82 71 44 90 87 47 79
62 84 34 55 41 38 3 69 54 68 2 41 40 76 81 56 95 89 85 36 21 98 33 92 77 56 69 30 63 98 49 96 89 4 17 47 97 15 13 77 27 11 87 66 34 16 14 73 64 65 33 57 14 84 42 52 75 64 31 11 23 56 4 88 36 52 75 27 34 58 48 94 62 67 27 41 81 27 9 84 63 57 66 59 12 66 56 72 10 93 54 45 0 2 57 17 25 69 16 29 87 74 41 64 29 24 89 7 16 66 21 20 60 31 25 54 52 67 29 59 27 98 38 97 97
36 82 55 51 60 6 17 35 39 27 11 28 97 21 35 23 54 46 72 67 30 7 45 75 59 53 32 32 50 15 32 40 82 66 8 84 54 35 23 58 68 36 89 39 40 28 72 55 71 34 93 31 16 67 84 50 97 79 7 25 15 20 27 38 7 68 69 97 57 54 41 88 94 9 83 26 11 82 42 2 61 83 54 75 86 10 23 51 72 40 13 87 79 71 75 66 81 32 23 15 12 99 26 33 79 74 58 13 7 17 57 93 72 6 79 48 7 22 4 62 26 33 39 25 25
44 77 76 14 53 32 77 75 6 73 39 62 19 90 61 94 33 49 25 0 20 79 52 99 45 89 95 3 54 48 58 11 99 36 21 31 12 80 99 2 9 74 48 25 19 95 58 8 66 77 84 92 98 80 52 2 99 16 29 56 82 77 96 15 10 22 48 35 68 7 15 90 57 39 20 70 99 23 58 63 21 94 89 58 58 57 40 81 10 94 49 67 23 16 33 13 6 56 92 67 86 49 62 42 41 57 59 86 34 81 53 19 16 14 22 38 42 15 37 18 8 57 99 64 5
29 0 90 75 60 49 94 94 46 80 99 72 91 43 94 2 62 48 34 40 68 65 0 38 52 62 16 73 25 39 21 11 74 84 9 68 23 25 24 26 8 35 67 31 20 67 66 25 90 58 20 60 38 1 72 41 24 21 66 28 58 21 45 44 7 99 44 97 98 76 43 42 89 49 27 78 14 76 75 63 43 49 56 71 55 58 25 9 57 81 73 80 89 44 63 77 62 61 59 84 69 20 11 0 49 50 17 84 31 95 30 92 73 38 26 73 93 62 56 95 43 63 80 52 54
20 90 93 28 40 91 53 92 39 27 68 93 32 8 51 1 72 28 70 10 89 62 86 1 71 68 51 17 6 73 33 39 11 7 0 82 95 22 91 94 64 78 27 39 49 42 90 66 19 47 11 20 7 81 21 28 41 91 59 87 7 60 63 65 26 61 21 6 28 0 85 24 6 27 72 79 66 27 17 67 70 0 75 42 2 24 16 24 73 96 8 89 95 55 35 76 18 64 6 10 96 80 28 37 62 3 29 22 54 55 15 64 69 80 58 15 68 76 6 45 56 49 54 41 31
39 10 84 95 26 18 42 89 40 90 52 98 5 7 95 82 26 33 71 17 33 29 20 72 76 67 74 81 62 8 78 79 17 39 89 74 19 17 7 41 32 7 33 73 9 62 4 24 32 85 31 98 5 38 93 63 69 83 20 87 22 55 25 55 87 9 8 3 7 4 59 39 21 94 74 82 92 25 41 46 58 53 70 14 87 92 96 38 51 20 24 65 42 59 87 46 5 64 81 67 29 47 83 66 67 24 34 17 54 52 77 38 52 58 10 81 43 49 54 47 45 66 86 34 25
73 42 72 53 98 96 88 73 0 30 61 13 17 42 15 72 19 31 61 96 93 72 83 74 69 4 82 18 64 54 48 53 73 23 77 97 15 95 95 19 34 63 78 17 43 27 46 33 72 45 48 59 41 78 30 15 36 18 94 26 15 61 13 44 39 33 91 75 76 39 99 50 11 15 69 7 64 49 44 11 9 56 81 35 79 87 50 7 13 69 21 33 65 30 39 79 21 8 95 96 18 65 68 49 38 1 0 51 25 63 16 18 62 37 88 83 36 8 13 15 24 1 48 41 47
65 50 77 56 84 32 51 17 49 31 34 65 53 99 35 69 49 7 14 19 32 63 0 90 11 48 63 88 94 6 36 44 18 42 35 33 7 10 10 16 58 95 83 23 68 73 28 4 54 78 64 86 78 59 48 9 6 97 45 81 94 55 17 79 79 46 22 60 26 28 17 13 14 56 18 9 14 85 90 18 83 21 20 71 9 99 88 32 90 86 87 83 6 57 89 12 80 66 86 15 66 93 35 95 90 61 81 6 24 2 67 11 49 62 19 98 82 27 35 88 17 89 12 40 46
68 30 42 3 82 92 83 91 29 32 62 9 10 53 60 52 34 28 76 9 65 93 76 44 57 2 83 74 87 77 79 61 30 96 61 2 24 4 14 1 88 5 36 98 58 78 70 38 40 56 48 93 21 5 34 87 7 90 42 46 63 24 27 93 24 22 87 69 48 71 49 74 12 40 55 74 24 98 41 84 76 33 1 65 87 30 51 41 89 33 55 11 15 73 29 70 56 4 95 60 37 62 41 23 29 41 78 5 47 11 89 88 51 10 61 27 31 84 47 26 76 67 58 64 85
27 49 51 60 20 61 0 44 88 10 65 99 68 37 35 30 33 5 83 72 28 94 77 92 90 26 5 9 29 16 3 34 67 93 88 31 44 95 97 51 97 84 54 32 81 64 73 75 45 59 85 68 75 93 90 68 66 11 32 15 99 33 62 80 20 91 22 77 73 17 89 58 85 39 44 97 70 71 62 17 7 86 23 78 83 96 12 18 37 3 56 42 97 62 39 19 12 47 28 27 19 95 3 53 12 21 15 68 17 22 2 9 43 2 36 88 97 25 81 68 72 85 42 76 3
66 40 84 41 37 37 16 91 77 15 69 67 59 37 16 30 58 49 13 58 2 10 89 29 71 49 40 19 94 52 85 15 8 0 94 41 43 57 89 45 62 95 27 12 59 24 31 48 13 14 4 0 42 82 74 68 47 62 45 15 23 78 38 55 39 26 60 8 65 82 16 50 45 98 65 10 33 32 21 87 79 20 0 48 23 92 74 40 29 69 43 45 18 79 8 28 74 43 72 34 18 74 60 36 49 99 60 44 29 57 85 57 93 50 95 89 49 82 97 9 57 74 94 38 21
49 23 87 73 49 92 26 89 74 68 14 45 29 1 87 61 31 38 51 10 15 8 66 59 97 49 56 6 3 31 94 61 0 65 59 66 25 77 29 70 50 74 23 95 69 71 66 22 6 65 17 15 49 63 9 45 38 43 7 98 21 60 82 88 34 21 85 84 67 25 73 77 6 20 38 72 2 14 6 67 89 11 46 80 52 23 33 77 15 76 86 11 0 66 11 65 62 59 8 5 32 6 12 32 16 98 54 80 99 56 42 60 11 34 21 92 57 84 25 79 51 2 83 24 98
12 65 44 12 2 59 84 39 8 37 19 54 82 25 6 47 33 8 72 91 99 13 20 24 43 49 79 38 26 14 86 3 60 84 48 92 75 72 48 21 4 58 54 74 25 27 66 73 79 39 89 51 9 62 3 89 9 58 63 94 83 68 86 7 67 84 33 37 25 1 17 35 27 70 51 28 0 65 68 65 12 56 93 40 94 19 15 71 86 12 85 13 67 75 67 27 0 87 72 12 83 20 48 13 84 45 39 22 58 59 56 28 47 14 42 74 85 94 28 58 3 89 44 81 95
35 72 43 24 46 83 53 44 24 84 33 42 65 93 96 11 73 68 85 44 78 70 28 4 40 63 46 81 54 59 88 74 89 39 24 99 66 60 38 73 41 5 77 77 48 11 24 94 14 41 13 16 44 96 6 68 36 44 17 68 86 94 48 91 23 38 27 31 20 12 0 57 2 5 74 18 90 5 91 2 98 71 63 12 7 56 5 6 6 60 33 90 81 27 23 21 46 15 98 93 17 4 72 52 32 94 85 42 81 6 72 88 17 31 7 87 62 47 66 7 14 91 66 17 51
97 87 46 97 86 93 96 80 33 9 98 11 79 16 96 19 69 12 24 71 60 58 43 76 10 9 20 12 37 6 67 98 0 11 73 77 3 67 55 68 20 47 33 21 30 27 5 2 64 95 49 52 26 67 46 88 70 41 15 19 67 0 0 48 55 64 6 82 25 67 15 68 81 22 52 94 1 48 15 18 70 22 16 78 90 75 1 86 97 37 10 56 71 87 36 19 90 35 55 71 8 59 57 62 33 5 57 16 77 42 7 81 64 43 1 44 8 9 27 6 74 20 68 10 57
68 14 41 97 19 77 65 4 84 66 33 45 73 89 9 87 20 56 97 67 50 65 53 5 92 3 98 46 44 53 64 36 69 43 21 47 47 62 95 11 57 81 48 77 55 55 30 18 85 2 23 18 96 85 29 77 0 62 84 12 96 85 76 53 3 66 13 86 44 24 28 64 47 51 78 58 26 56 96 41 30 14 62 5 75 59 76 16 22 32 69 0 12 31 77 11 54 82 22 98 35 7 55 94 26 81 90 3 26 95 21 94 30 66 31 13 77 64 57 29 15 78 82 46 99
80 85 37 13 54 38 93 83 22 29 90 33 16 95 6 47 70 44 89 93 73 36 90 45 77 88 16 31 24 64 55 21 62 34 98 87 76 39 56 42 93 40 37 38 84 55 84 46 98 52 79 42 39 1 48 47 67 46 15 56 28 13 23 28 38 72 20 87 15 65 25 86 29 2 60 31 66 82 24 4 1 66 39 26 30 99 49 17 68 56 42 44 58 84 97 22 22 36 90 60 25 63 86 65 78 0 7 28 66 95 93 30 93 51 22 3 47 29 73 1 38 79 29 62 58
93 62 53 92 66 22 75 89 85 61 1 58 46 24 98 52 66 97 67 27 77 61 32 66 77 14 70 22 88 19 93 39 27 24 83 12 99 62 88 97 98 26 38 34 91 74 16 34 3 35 13 78 87 74 68 75 25 31 0 46 89 15 71 22 10 50 2 48 3 87 95 47 78 38 68 66 17 22 36 57 81 40 71 88 84 77 78 52 7 30 17 32 25 43 4 70 59 29 73 71 50 46 12 78 69 63 34 80 73 44 7 7 26 6 69 61 64 13 2 82 75 4 46 14 94
19 4 21 46 84 24 10 2 48 0 73 28 23 60 39 50 40 46 83 29 81 39 34 56 26 40 48 91 64 99 31 85 11 80 60 1 98 49 60 66 17 28 98 9 27 28 19 55 45 95 79 21 48 57 77 2 62 28 80 26 61 79 61 38 60 11 96 21 16 83 33 25 48 86 22 79 90 0 85 10 95 7 78 52 6 35 79 70 61 34 65 72 67 37 25 20 74 84 79 79 57 77 65 32 38 64 26 23 44 66 30 71 20 3 83 37 26 74 21 59 58 14 89 78 36
39 99 28 8 46 42 39 44 44 53 37 38 18 58 2 22 79 25 57 3 88 66 37 23 30 82 36 48 68 70 99 49 42 64 38 14 77 38 35 40 50 64 31 80 95 49 90 85 20 57 58 20 0 96 88 10 41 34 99 3 70 46 95 0 25 53 51 70 49 7 83 82 98 68 55 89 2 94 58 77 73 82 82 65 90 2 56 47 15 7 22 97 29 98 89 42 95 86 53 65 69 26 32 3 42 90 24 24 95 73 67 91 63 27 36 27 88 46 51 89 50 12 21 71 56
79 67 17 17 59 62 2 40 58 98 39 10 90 64 31 20 23 49 21 57 22 86 75 27 86 39 30 56 72 22 4 81 17 25 15 23 53 84 40 77 11 89 18 94 86 6 48 61 0 89 67 91 43 52 70 16 69 72 97 59 80 40 69 68 91 76 3 6 59 25 51 52 88 52 39 94 57 2 33 56 32 10 44 16 82 96 95 41 42 22 12 3 55 1 11 10 69 96 95 12 33 57 47 64 54 33 63 98 97 46 29 16 28 38 64 47 62 11 79 74 81 86 98 88 98
12 74 63 20 90 32 82 73 17 18 50 62 41 77 81 25 73 96 0 3 47 80 16 51 17 83 40 23 77 10 0 47 48 87 86 77 47 83 82 21 11 66 3 17 10 40 56 76 57 54 86 89 35 83 90 63 35 41 33 7 11 97 60 53 54 69 7 86 83 11 27 34 49 82 39 72 38 81 42 52 10 11 22 48 34 54 95 47 81 71 2 54 7 52 94 75 71 50 35 32 74 28 70 92 91 19 89 69 31 40 75 75 14 87 51 85 50 98 66 26 82 32 56 20 54
85 58 94 26 43 29 38 47 30 79 10 9 92 68 29 34 97 30 27 19 0 84 10 44 24 46 48 41 88 0 14 47 31 61 65 73 95 67 91 27 84 88 44 33 38 60 38 60 91 77 83 32 72 59 91 92 22 69 50 80 40 46 96 0 14 37 81 28 60 77 94 55 16 13 91 47 45 85 74 45 43 60 10 20 8 76 66 96 21 81 46 33 74 43 36 77 14 0 3 98 66 70 75 21 69 29 70 9 69 33 6 49 28 98 88 44 6 97 52 31 5 76 43 64 11
40 17 66 79 99 47 73 21 69 7 15 71 91 35 60 27 30 32 1 20 72 49 96 7 5 97 6 22 18 75 96 50 37 95 31 26 80 49 55 15 67 97 49 97 75 75 2 54 30 94 40 58 34 85 78 31 75 49 21 88 33 0 69 45 36 11 27 78 4 55 61 46 56 24 70 21 28 60 64 48 81 60 49 64 7 80 80 96 84 47 25 52 25 94 87 42 14 46 83 99 10 66 59 11 60 46 6 67 85 70 40 56 46 67 39 38 81 17 45 76 18 78 31 64 43
11 78 84 82 24 78 3 87 99 60 85 88 71 61 74 71 9 55 41 23 16 41 32 81 53 15 86 25 71 6 33 92 65 38 83 61 49 13 36 92 5 47 50 47 47 61 21 4 23 46 52 14 89 79 77 72 77 42 20 34 77 24 8 13 69 42 61 51 58 36 7 40 21 33 44 18 32 56 77 9 94 49 56 6 1 55 12 32 41 87 9 18 50 13 27 41 67 94 49 57 83 96 24 54 83 72 18 11 46 35 21 95 43 87 40 6 27 62 37 62 75 76 27 4 28
32 55 0 7 31 91 72 1 13 98 73 3 21 52 49 18 98 92 82 67 28 33 13 9 94 94 2 85 64 64 27 47 11 44 32 25 25 0 38 16 87 0 39 85 97 10 0 50 24 13 23 82 53 0 99 77 74 24 62 35 99 21 84 43 80 84 28 61 91 60 35 29 77 85 66 49 13 87 12 86 75 1 90 76 78 3 56 44 85 45 43 70 15 75 40 27 69 74 98 43 87 51 83 23 82 4 61 10 76 58 32 84 81 30 68 6 49 50 58 33 74 34 17 54 22
55 73 32 15 68 63 90 55 19 10 58 33 81 94 58 96 97 2 65 90 80 9 58 78 32 64 11 88 90 19 43 0 29 30 72 6 35 16 2 30 16 46 88 47 7 74 32 48 21 77 87 42 2 29 60 97 27 0 1 67 61 85 44 1 25 8 91 91 64 36 64 83 98 88 57 88 36 76 96 4 4 97 3 43 78 84 77 22 22 32 22 12 18 50 14 50 88 12 70 13 6 98 52 78 54 50 35 90 60 31 52 40 64 78 33 63 6 60 47 2 9 38 78 0 61
66 87 2 47 1 15 57 69 69 7 3 0 43 18 88 73 47 70 7 61 48 79 77 97 50 9 88 34 89 22 53 33 93 10 94 17 19 49 17 26 49 66 9 35 41 48 54 6 56 38 21 18 20 9 94 25 91 15 42 32 7 36 19 28 40 66 6 99 72 20 76 46 27 25 86 21 97 83 36 76 22 43 24 82 52 23 36 22 24 69 67 7 56 42 39 64 65 59 80 72 11 37 49 68 36 98 56 93 1 36 42 4 60 18 68 91 16 25 11 48 82 44 15 11 19
54 67 34 67 93 13 7 59 71 27 74 4 94 4 94 34 38 16 37 84 95 44 0 93 93 8 64 50 27 13 96 11 87 58 32 83 65 82 28 75 8 7 33 66 45 87 59 21 56 21 40 97 78 24 72 51 8 12 68 34 74 53 2 88 12 0 55 19 98 37 47 8 81 54 98 4 18 37 79 31 35 32 25 16 7 60 53 3 13 58 60 52 80 36 70 17 83 69 8 71 38 84 3 0 27 61 51 77 64 6 26 78 90 15 16 95 18 10 54 22 7 44 42 0 8
20 87 6 35 32 92 19 83 30 92 78 34 83 62 28 56 34 88 26 38 23 88 64 3 19 2 60 4 58 82 67 87 76 60 32 30 23 82 45 36 81 7 89 57 39 67 49 12 49 75 17 39 60 86 86 45 45 75 69 21 21 43 85 56 55 39 13 32 45 65 81 79 18 99 12 20 47 27 49 97 98 5 59 18 6 70 49 46 23 85 88 4 1 48 55 57 32 6 91 35 54 85 25 76 4 15 56 79 1 11 79 42 69 29 61 28 87 60 39 72 9 16 59 57 44
25 16 35 94 30 54 96 76 62 96 33 91 72 58 17 39 12 56 35 40 44 95 23 46 41 58 82 62 37 99 91 1 86 51 53 43 89 22 65 85 35 50 31 23 61 4 81 68 29 34 20 57 63 23 61 83 44 79 23 18 74 56 48 82 69 48 47 74 26 78 64 25 91 50 78 40 13 18 10 70 63 6 37 55 48 37 28 68 40 23 91 67 46 37 46 73 95 64 87 29 8 55 16 34 73 43 41 13 93 99 1 7 65 70 23 73 85 79 46 38 83 27 26 66 52
79 35 53 57 72 43 87 61 68 16 27 98 92 71 84 5 66 30 34 1 41 13 30 54 88 14 99 5 56 25 87 27 10 44 99 70 36 81 62 2 84 87 35 15 98 82 16 57 35 31 44 47 82 78 44 25 12 67 47 93 50 72 22 43 85 62 14 82 59 88 4 95 57 94 7 94 24 97 89 70 60 61 41 56 21 20 4 97 74 62 4 37 4 50 26 1 21 37 46 17 49 41 88 67 16 8 64 83 87 71 42 67 40 54 23 1 38 78 37 9 56 53 5 46 27
89 19 86 47 32 32 78 17 13 39 45 30 31 21 57 21 83 86 35 89 46 74 51 40 34 66 22 41 18 6 91 15 86 19 95 11 96 47 99 6 97 70 55 23 91 33 6 10 23 33 12 87 97 88 16 23 67 37 92 38 78 91 38 41 83 20 81 11 47 6 11 78 33 15 98 56 17 75 78 99 69 77 25 96 73 23 7 54 51 37 88 94 89 60 41 73 16 0 23 42 9 46 32 36 25 66 86 48 79 45 29 99 31 52 55 78 53 32 10 36 64 43 40 99 58
70 1 20 56 0 22 29 23 89 85 44 76 11 92 31 11 96 3 73 29 72 96 13 39 14 82 34 63 98 43 69 15 62 89 81 94 80 11 99 48 36 93 84 24 16 14 89 40 67 75 62 36 64 71 41 6 70 97 77 9 42 79 57 47 74 55 73 26 82 14 30 92 31 19 34 77 49 68 73 24 96 91 34 10 56 5 97 98 11 62 54 10 15 0 93 0 29 60 49 46 68 82 51 67 77 55 98 73 83 82 89 32 30 64 10 19 29 73 58 29 6 75 71 79 54
46 85 6 92 68 71 33 48 67 31 98 71 10 88 19 83 47 51 48 18 97 83 92 5 93 43 32 10 79 2 51 75 26 74 42 11 11 99 74 21 92 81 43 25 4 25 55 89 56 10 44 65 83 75 69 92 25 57 98 14 81 16 60 36 17 50 78 35 87 29 36 30 33 9 71 90 6 83 95 87 62 42 93 32 10 44 23 31 86 52 14 41 82 61 21 28 76 40 10 49 80 13 70 6 6 16 18 76 2 82 17 18 96 23 30 48 91 24 14 74 64 27 78 22 53
21 54 29 66 86 52 34 94 67 39 91 73 63 41 23 54 68 6 53 58 53 24 50 78 84 45 89 44 81 7 27 34 16 87 90 71 26 21 84 21 37 94 14 61 83 18 83 46 7 94 15 3 29 7 79 44 16 52 76 14 99 94 52 75 90 31 75 1 60 96 80 53 81 42 86 72 4 62 85 73 54 40 49 35 10 24 7 41 93 46 56 64 42 47 10 42 73 4 55 52 49 59 55 96 46 93 88 58 98 78 97 34 42 61 23 29 14 9 34 72 42 9 96 89 74
14 63 26 0 88 15 65 10 25 89 94 74 50 77 43 60 21 43 79 48 46 85 21 60 69 69 24 8 89 21 33 48 31 70 17 98 22 92 6 89 17 35 58 81 45 22 74 95 4 70 81 39 41 38 98 8 10 72 24 46 26 32 97 63 31 96 51 22 19 91 41 27 15 50 79 18 98 48 5 63 55 53 54 69 29 7 99 46 3 50 14 30 92 94 82 21 67 72 27 41 53 48 72 44 19 49 29 4 31 53 23 88 70 65 65 5 54 30 24 84 12 94 69 97 33
15 36 97 8 54 64 99 38 57 0 56 16 16 76 88 54 87 17 69 40 65 47 33 43 13 84 86 43 65 60 74 1 91 98 8 49 72 22 5 63 11 22 98 39 59 45 7 84 11 58 96 40 58 23 16 66 4 91 98 46 92 86 83 89 21 0 96 45 45 22 29 18 14 76 78 13 40 76 77 34 52 62 16 48 69 97 84 75 44 62 34 55 21 19 52 70 39 67 89 0 53 29 79 72 93 37 66 34 14 72 17 25 6 93 21 52 52 71 99 52 72 95 37 13 58
96 1 30 23 88 59 64 72 43 94 86 85 84 7 6 74 18 71 74 54 69 96 44 17 35 6 19 19 96 43 53 78 40 26 71 55 81 41 25 34 20 38 83 73 37 92 14 20 81 75 95 1 60 24 15 73 12 12 82 70 25 46 75 3 93 9 89 20 70 63 80 84 72 81 73 79 34 76 31 45 1 63 53 83 38 97 29 61 8 79 42 27 45 18 71 36 24 10 50 76 93 36 51 14 34 59 31 23 4 3 89 71 11 90 6 98 49 97 40 89 23 80 58 76 26
13 32 73 54 36 59 64 33 40 90 51 44 97 47 75 73 28 45 7 80 39 46 54 48 10 42 71 47 50 86 25 25 17 6 56 44 18 67 9 88 50 88 23 82 19 87 0 85 61 33 54 25 49 11 49 66 48 18 37 25 75 55 69 77 66 77 70 43 75 13 60 58 42 5 3 14 94 72 81 46 16 38 99 43 25 68 29 66 11 92 32 97 66 7 90 2 5 10 62 66 81 31 85 53 78 52 73 96 0 85 17 21 9 24 59 62 8 41 44 24 71 68 61 63 85
29 73 28 43 61 91 24 25 20 48 3 3 65 56 74 5 86 43 48 86 9 88 30 78 38 33 19 12 24 59 76 19 69 49 32 55 72 2 61 28 6 47 87 94 76 76 10 93 38 97 20 58 61 52 66 28 2 69 13 80 26 3 73 90 66 70 83 20 2 87 14 87 71 74 65 11 82 11 18 7 27 95 72 84 46 26 59 60 37 8 53 94 41 27 29 15 11 88 45 20 24 30 99 42 31 64 35 45 45 35 95 41 39 9 11 65 30 19 63 45 73 69 44 14 2
39 27 23 24 89 44 24 26 95 76 50 18 75 48 52 72 48 82 9 70 40 0 14 6 26 77 25 27 21 20 19 10 57 48 77 41 44 78 84 35 25 68 85 69 28 66 35 27 92 26 73 70 35 82 34 67 13 52 11 45 74 75 4 42 93 29 65 19 60 86 91 17 24 27 70 20 97 54 42 70 19 50 1 76 55 49 7 85 48 74 39 59 64 62 89 24 69 20 13 12 50 37 34 36 90 30 19 86 11 99 4 42 54 79 2 1 95 83 81 9 51 93 11 31 73
2 53 83 58 76 0 65 19 39 94 78 60 21 83 86 71 23 49 25 13 98 52 67 93 50 72 16 21 3 4 14 45 66 32 50 70 10 62 61 59 44 0 80 51 21 55 31 1 49 8 0 93 36 96 43 85 4 77 33 80 72 80 60 75 1 52 67 84 2 5 8 54 93 99 18 32 43 70 15 37 2 91 87 56 32 80 22 62 60 12 59 95 61 8 29 30 63 46 58 31 51 97 23 78 65 51 38 13 24 97 22 45 98 74 75 79 87 77 7 3 76 91 33 46 73
30 4 0 70 98 67 66 67 44 20 69 32 84 32 31 68 46 46 82 33 89 22 96 40 57 47 9 66 58 67 98 75 89 55 5 76 19 74 78 5 49 3 1 37 49 98 42 56 46 25 25 39 90 63 32 72 72 27 47 14 76 91 23 81 51 43 27 66 7 7 80 60 7 13 18 46 80 57 1 73 50 65 74 20 36 34 42 37 17 92 30 12 77 28 91 58 95 52 21 96 54 90 26 98 74 32 67 7 60 88 56 2 68 78 96 44 81 40 41 79 80 2 15 23 28
82 72 26 88 20 79 22 65 12 59 98 97 81 34 28 83 86 2 4 75 11 19 21 24 64 33 87 82 81 34 47 68 10 63 55 35 36 98 74 49 50 76 92 20 39 57 40 41 91 59 92 53 51 74 75 84 84 95 70 4 85 75 91 70 4 53 2 41 28 64 86 83 55 52 63 67 94 62 27 10 29 28 17 80 71 21 26 57 10 28 41 25 48 26 63 88 77 35 27 38 65 8 47 69 18 88 40 93 94 15 27 61 96 95 97 58 69 54 35 6 72 57 71 23 56
53 7 38 52 0 41 94 21 79 7 23 17 98 54 80 10 24 59 53 83 57 14 8 76 67 69 0 80 38 17 84 82 30 64 49 77 38 17 3 13 69 86 58 89 27 91 41 17 44 42 57 25 46 93 38 1 82 70 59 71 93 15 67 52 37 8 39 96 18 1 69 15 84 27 95 37 71 88 63 58 62 38 8 27 72 46 61 61 98 75 32 64 78 13 41 0 14 63 97 85 43 51 91 1 34 26 33 70 3 82 28 70 78 15 27 52 79 26 75 48 68 89 88 17 91
27 13 3 76 19 36 51 43 77 45 80 27 63 45 91 1 51 70 27 90 65 31 73 31 32 78 34 38 23 69 49 60 96 54 33 65 78 72 65 85 44 91 7 25 68 21 6 3 50 57 13 74 79 23 37 88 2 74 85 76 63 29 46 46 79 26 90 72 13 53 96 33 75 12 43 86 51 76 48 26 69 63 77 26 27 23 79 64 94 47 58 13 28 42 75 47 80 39 32 1 86 93 25 12 81 97 90 90 4 73 36 99 34 70 86 69 99 17 74 51 65 21 7 92 96
98 13 25 77 37 70 71 44 31 23 98 47 46 4 44 36 12 15 72 49 82 98 92 0 39 96 20 37 43 28 39 58 32 68 4 39 21 40 53 68 1 71 50 77 34 71 0 72 8 76 24 89 98 36 48 8 99 42 77 10 62 23 30 26 91 59 81 56 75 66 88 3 95 52 74 62 48 54 44 32 63 28 15 64 13 79 82 40 1 12 32 7 24 33 95 44 72 42 38 89 70 29 3 29 16 8 95 33 84 10 3 57 55 32 31 63 68 13 40 84 9 2 71 44 42
95 60 10 1 62 83 95 96 16 69 99 23 66 66 8 64 63 84 83 88 2 42 1 24 62 41 26 27 63 83 95 84 3 26 70 18 94 33 15 10 47 3 19 68 72 27 34 92 52 43 59 58 48 35 33 56 18 79 51 2 66 12 69 49 25 15 73 81 4 13 69 79 53 55 14 1 97 64 61 27 57 61 78 54 83 26 86 76 24 85 52 27 64 79 36 6 91 55 68 80 56 59 45 85 15 28 6 1 55 43 69 44 3 61 95 21 72 83 78 22 5 55 72 31 96
74 25 99 64 28 0 65 75 31 14 17 93 3 94 64 11 98 69 81 31 26 49 75 21 18 17 95 13 41 85 69 4 16 58 97 82 85 47 71 4 42 2 33 48 45 97 81 46 38 13 98 43 0 47 45 22 60 69 91 32 84 36 40 68 44 55 1 30 51 83 40 21 27 96 96 28 66 68 46 64 25 9 95 18 13 19 16 66 32 31 30 9 34 41 32 46 9 59 24 25 43 40 35 37 19 40 25 54 17 42 65 53 6 50 44 28 3 71 40 94 27 23 37 8 66
98 70 97 76 62 31 98 49 78 57 60 37 5 98 27 47 79 53 5 54 82 77 58 59 89 82 44 70 42 72 18 9 28 77 70 81 93 49 35 94 1 20 55 62 22 14 49 42 91 16 90 43 46 29 92 65 59 36 48 66 70 59 58 67 81 2 93 15 18 60 54 36 84 33 52 41 28 23 62 51 78 83 36 20 77 43 36 41 28 85 72 63 37 7 56 25 42 61 11 17 18 52 1 87 65 59 69 22 53 0 19 48 28 99 78 42 14 63 63 12 30 46 39 17 42
21 73 59 46 44 46 15 6 62 88 91 34 19 34 61 19 97 22 66 47 29 92 62 91 44 8 33 59 24 19 75 67 25 44 54 49 18 69 82 90 58 4 23 15 89 67 17 96 10 84 68 22 51 97 55 13 82 41 70 21 33 6 34 64 66 98 15 38 41 93 90 95 39 57 96 10 2 83 22 81 43 7 9 88 19 96 64 30 61 49 31 46 26 8 69 87 94 91 29 63 45 48 21 80 67 78 19 26 59 90 64 88 51 60 41 38 1 1 82 5 68 68 76 3 98
28 48 75 1 15 99 12 57 66 49 62 76 32 9 60 8 81 35 16 94 61 34 41 89 53 26 13 63 44 59 67 99 18 80 13 93 28 27 32 48 14 18 81 25 86 73 63 89 31 50 9 30 59 32 30 39 97 48 68 70 39 9 56 86 8 92 28 81 96 87 64 17 46 51 37 48 10 54 49 26 84 34 69 76 81 75 37 27 29 96 93 5 20 39 42 97 31 74 92 15 39 63 22 80 46 51 34 93 42 72 65 85 75 90 51 1 8 60 63 3 17 17 77 42 17
54 40 82 10 73 87 44 19 3 99 37 9 18 44 55 1 27 45 15 19 52 71 68 20 60 60 81 39 24 49 8 32 26 4 39 96 36 99 87 35 11 28 5 35 48 50 46 56 27 17 7 41 45 2 46 8 41 85 69 99 81 57 14 96 45 52 76 52 81 3 90 79 54 6 39 78 35 41 92 24 76 73 75 59 67 26 45 66 45 57 74 93 41 32 25 7 44 74 23 15 18 6 4 83 69 74 31 23 30 59 41 66 49 43 1 97 76 54 53 5 22 32 47 14 92
15 6 71 63 76 60 8 41 31 43 31 42 54 27 12 64 28 8 37 85 70 96 2 30 10 23 45 9 59 37 40 33 22 22 94 87 6 67 95 19 85 36 33 24 95 75 83 14 34 87 25 72 45 47 52 80 73 3 0 48 17 54 68 85 84 39 14 29 44 87 55 25 60 66 65 98 37 2 25 22 19 43 88 25 50 43 41 71 88 9 27 41 54 44 96 56 30 38 26 58 70 99 66 8 12 98 39 41 52 57 75 32 50 23 2 45 13 94 36 32 82 1 59 7 8
