127 126
73 22 45 65 23 75 32 60 15 40 88 5 31 9 86 73 74 91 64 84 54 22 91 81 46 37 64 37 41 57 46 90 93 96 5 31 27 72 78 87 86 85 70 99 44 90 4 83 82 20 7 25 41 37 34 61 89 4 57 80 15 11 25 50 18 0 80 15 72 55 34 92 23 47 75 68 18 58 44 0 59 55 71 49 11 86 26 13 32 4 22 7 80 8 43 30 5 97 37 71 34 86 46 88 68 72 17 66 36 1 46 2 82 46 33 17 21 35 40 1 77 87 48 74 90 66
55 50 8 20 48 85 65 53 93 62 33 25 38 80 49 54 10 43 32 78 45 87 20 24 95 32 30 46 66 23 43 7 98 38 24 33 98 24 64 98 46 25 28 45 7 34 69 79 34 1 35 23 58 8 43 37 82 66 70 20 61 2 33 21 66 28 88 4 85 35 84 50 24 22 35 10 61 39 7 71 3 80 10 17 98 13 86 16 5 58 56 45 17 63 83 40 84 41 96 1 67 33 63 66 5 5 81 63 47 57 98 83 48 5 65 51 88 27 20 86 26 82 47 38 22 43
86 65 21 6 60 4 76 57 61 5 11 55 67 68 71 49 79 63 61 64 2 11 54 53 83 98 84 13 20 72 55 93 64 93 93 93 92 84 0 64 38 25 78 49 55 15 17 70 70 19 60 65 7 38 1 43 87 11 39 81 23 50 92 97 49 76 9 55 52 79 62 71 18 49 82 37 20 18 55 22 13 12 94 30 88 3 66 34 57 55 67 35 1 0 68 2 5 70 15 96 15 88 85 72 67 49 60 66 56 71 28 99 15 64 47 55 21 9 94 12 62 9 47 76 51 74
21 4 88 53 5 37 97 17 78 0 91 49 40 11 55 1 34 45 58 59 69 9 90 22 2 7 16 72 75 30 9 97 49 82 40 70 19 51 16 48 6 72 0 27 51 54 4 25 10 67 13 90 4 51 39 7 18 14 83 63 54 9 33 75 49 4 91 4 76 89 64 54 11 73 6 33 91 8 33 31 73 64 30 70 50 79 45 91 18 83 6 13 67 73 21 54 35 63 9 30 21 97 35 13 30 35 68 47 7 66 75 39 50 66 75 30 83 13 26 90 15 54 10 72 56 48
63 35 37 97 34 21 85 14 69 42 94 76 58 45 83 74 35 42 41 58 26 36 23 15 35 78 71 8 10 55 46 16 77 56 87 75 53 29 21 32 82 28 77 46 41 65 31 25 77 73 59 30 34 54 49 16 8 93 1 3 87 69 95 75 22 10 79 79 31 6 92 61 67 66 61 32 81 85 32 40 71 49 54 62 60 93 88 43 0 98 17 84 44 93 53 33 96 14 6 5 69 42 67 51 85 34 82 32 89 29 30 10 47 92 45 15 87 67 15 60 13 8 95 40 87 76
64 28 61 92 6 59 11 9 39 5 84 2 61 65 88 58 73 52 90 99 10 5 29 49 6 1 42 26 99 60 36 43 98 92 73 47 48 10 12 83 85 10 61 39 52 41 51 1 45 28 47 39 31 82 72 40 38 85 40 88 2 97 8 59 90 19 41 20 33 63 65 14 36 62 47 27 79 87 79 57 19 77 71 21 98 0 79 80 12 16 31 83 5 18 89 71 24 39 68 15 52 39 94 74 85 67 82 64 67 24 55 69 31 24 54 96 20 19 59 13 7 48 31 39 36 44
23 15 27 41 77 73 59 27 59 54 48 56 98 2 59 40 8 28 93 28 63 37 93 2 87 12 58 57 27 44 3 96 35 78 34 85 37 71 29 99 13 46 7 85 44 71 99 54 53 32 48 20 59 83 35 13 55 67 73 77 58 47 82 69 80 56 75 15 92 0 4 81 57 87 23 9 98 49 64 68 99 40 53 13 57 8 36 94 40 40 95 3 93 38 90 79 45 68 70 33 91 64 15 77 30 80 95 51 86 92 33 33 28 38 84 49 51 31 15 99 39 75 50 68 73 16
47 61 35 14 58 44 93 31 57 90 80 87 7 28 72 56 58 83 24 72 41 65 39 93 43 55 26 9 6 20 88 0 13 35 1 33 44 19 42 9 55 27 10 59 74 29 47 91 19 51 97 21 83 48 35 72 60 62 7 90 57 90 28 81 98 22 88 42 35 24 73 29 7 98 12 6 18 96 66 15 98 56 9 1 74 76 74 6 56 39 70 77 48 82 95 52 88 48 23 79 14 66 93 36 63 14 70 25 76 17 1 20 50 2 21 72 93 21 41 54 40 55 67 87 72 58
24 44 92 7 33 61 27 80 79 9 2 82 58 94 78 15 6 45 35 93 86 4 32 16 14 33 15 55 1 71 14 83 30 60 81 33 43 45 4 70 37 88 85 3 19 0 95 64 71 29 85 76 34 56 56 31 25 91 40 77 27 69 67 22 89 54 37 32 99 20 24 5 56 30 43 85 80 86 30 44 45 20 99 92 67 99 74 93 89 66 49 12 42 9 73 54 77 20 94 94 9 19 10 54 7 46 3 37 56 46 60 20 83 32 13 54 48 66 34 6 98 36 44 6 96 70
49 97 12 39 20 47 62 23 4 17 31 13 74 97 74 33 62 21 98 99 95 93 64 14 61 93 43 43 59 48 73 99 13 67 19 49 99 86 44 94 1 65 39 6 40 63 90 33 60 13 9 69 92 40 2 21 23 35 96 69 73 38 69 63 28 66 37 30 79 62 14 84 52 8 75 62 50 40 28 80 12 94 30 9 1 27 33 76 82 53 34 60 26 57 61 12 91 8 17 91 93 58 10 4 44 3 55 89 31 15 51 12 13 73 54 38 21 67 47 63 43 17 15 74 2 38
32 43 71 59 70 47 18 65 14 14 54 46 92 35 34 51 62 73 18 41 19 92 27 1 51 23 81 23 63 24 44 84 90 76 45 16 71 69 38 86 82 93 26 4 99 55 90 46 80 46 84 45 23 75 17 97 63 97 24 27 54 96 75 63 39 96 2 37 56 61 33 54 91 45 91 87 20 7 90 79 60 35 64 71 93 10 9 35 10 16 29 40 14 89 16 63 24 39 86 5 62 37 27 67 71 24 42 15 64 12 36 41 84 16 69 62 80 71 22 93 91 55 57 83 34 30
78 38 17 1 85 22 21 47 60 34 83 26 19 90 26 68 37 16 62 0 88 6 69 42 26 87 29 97 96 3 14 75 25 16 86 27 98 89 33 68 45 65 86 15 61 15 36 96 57 19 53 49 5 0 74 53 9 2 58 86 3 18 42 79 0 75 18 5 93 83 16 13 48 67 20 53 38 18 28 51 99 18 50 0 23 3 2 32 48 62 19 61 88 38 46 45 92 58 55 47 48 41 57 73 72 82 8 96 39 24 30 76 77 12 54 40 29 5 52 91 19 25 55 30 96 99
57 88 27 49 25 86 78 86 18 71 9 33 20 43 95 89 61 34 81 65 85 10 42 85 56 76 32 10 89 16 69 26 90 99 43 89 41 91 56 9 19 99 46 58 64 48 83 4 54 97 37 87 97 51 38 60 74 44 39 20 70 23 4 5 63 32 94 0 91 29 25 75 65 92 56 30 74 96 62 92 79 95 69 9 94 8 77 51 1 31 71 24 75 5 29 96 4 91 26 77 76 29 9 93 72 85 18 53 11 5 87 69 91 26 86 89 22 68 88 97 59 73 94 40 84 60
68 69 35 82 0 27 94 3 38 97 32 37 3 21 59 47 22 35 2 62 42 47 3 13 98 90 10 86 74 44 66 32 22 9 0 6 57 62 84 76 0 9 36 12 88 4 31 23 46 47 72 24 81 74 58 93 98 29 75 18 11 17 87 81 99 4 11 36 8 82 0 71 50 41 53 32 69 93 87 30 59 49 65 81 8 76 64 48 83 83 67 89 44 30 66 57 55 51 61 43 50 39 27 4 92 59 44 44 49 30 84 95 59 81 98 37 5 59 87 35 22 27 1 71 69 5
83 70 46 6 73 29 76 34 57 34 92 17 5 86 95 95 39 45 44 74 18 98 90 3 29 48 39 93 31 86 2 67 5 83 44 17 52 99 79 24 38 74 12 37 7 33 43 78 6 29 47 96 39 41 1 43 44 61 69 53 94 15 53 12 56 29 79 25 64 2 50 82 17 77 61 6 91 6 89 62 57 26 47 95 52 76 98 79 29 77 44 80 29 97 23 11 49 43 72 13 39 42 37 74 27 10 26 80 52 68 54 58 72 73 13 58 99 33 99 34 53 9 77 46 65 38
10 33 25 74 25 44 50 77 78 15 53 79 55 68 36 5 82 31 20 73 56 65 42 60 26 2 21 68 22 22 36 89 79 6 51 15 88 96 92 13 97 11 57 73 5 76 8 56 57 44 6 37 22 66 71 76 57 41 57 54 94 74 10 28 95 96 29 88 69 95 10 73 72 92 41 49 5 7 98 69 29 32 87 10 48 56 87 63 25 1 44 83 33 19 45 49 95 36 5 89 38 47 59 47 80 27 23 61 75 63 0 48 0 99 38 88 59 62 29 57 94 38 1 99 59 23
13 26 0 99 0 29 52 68 85 61 26 67 56 20 51 49 30 39 78 13 76 90 98 55 72 26 17 61 51 69 86 65 54 39 62 76 19 87 53 32 82 15 94 46 20 83 26 39 72 69 42 67 64 95 89 82 46 27 9 43 20 2 0 46 48 53 5 69 1 29 77 37 95 21 92 37 55 73 96 57 80 59 18 86 38 7 95 77 50 14 91 29 39 31 95 37 54 35 5 18 58 4 33 95 24 79 2 85 23 40 43 57 95 3 8 99 24 94 23 50 53 95 57 29 11 65
43 65 17 31 27 56 82 36 65 2 37 57 78 40 85 13 15 11 47 91 68 65 55 75 93 42 39 13 91 43 78 5 34 67 80 15 73 16 28 14 32 18 84 61 88 66 32 50 99 54 39 9 68 95 5 51 18 22 49 61 18 43 50 89 89 60 33 34 16 16 11 60 23 59 44 14 16 77 97 91 79 26 48 16 94 61 73 85 67 84 17 80 10 65 45 15 31 21 84 62 24 91 35 57 80 47 20 23 31 28 71 3 25 12 88 76 48 94 9 59 22 55 53 48 40 63
3 67 45 53 93 46 73 19 83 1 4 80 10 43 26 24 52 27 4 30 35 97 37 99 75 57 11 83 25 66 94 49 40 44 27 43 14 71 73 31 6 89 5 13 41 40 38 75 67 0 67 94 45 79 2 93 92 53 75 65 53 47 48 43 1 96 30 36 73 75 54 51 99 8 94 12 74 11 4 57 85 10 6 80 56 96 28 70 80 10 55 86 59 3 38 87 20 15 5 84 18 9 51 56 67 97 96 74 3 61 19 78 78 43 43 31 88 98 33 84 63 75 10 22 19 48
76 84 96 53 48 8 97 51 78 97 45 19 62 24 48 85 14 57 81 67 95 92 44 68 95 46 39 84 5 79 0 55 14 59 32 13 6 65 0 95 18 58 6 23 15 63 80 32 92 28 60 87 30 32 95 5 28 74 15 46 83 50 78 29 52 93 45 47 25 80 42 36 69 45 33 67 48 85 77 68 77 98 43 63 9 65 81 65 13 7 47 51 26 35 8 36 56 95 93 91 20 17 9 27 91 45 86 4 56 51 85 18 6 16 29 48 36 39 6 9 5 74 54 59 71 76
0 73 91 35 1 27 9 4 38 11 82 87 7 21 32 89 72 78 43 39 92 5 96 55 66 0 39 13 69 18 64 1 67 29 95 0 65 35 1 6 32 91 38 64 46 99 82 8 88 6 9 20 90 10 4 8 67 15 56 5 8 18 92 63 1 87 63 79 13 54 33 57 81 50 47 89 87 29 24 15 56 12 41 8 40 86 35 50 81 73 5 40 85 50 33 52 12 8 30 41 58 83 14 40 82 17 59 87 15 82 88 81 31 47 94 61 2 21 72 52 29 65 98 20 74 80
62 91 92 3 67 97 59 90 28 72 50 51 50 72 71 17 44 57 19 16 31 36 85 30 29 98 51 4 85 46 92 49 30 14 31 74 54 94 49 56 49 82 34 49 74 12 56 56 37 28 8 61 50 6 15 69 13 26 75 58 90 32 22 13 57 96 29 16 1 17 96 27 48 85 14 38 97 41 85 58 84 88 93 95 88 91 18 87 66 36 92 9 31 82 98 62 5 94 6 80 6 55 3 90 71 18 35 43 81 26 12 91 55 9 42 35 63 29 30 68 51 19 99 12 94 81
50 5 20 84 23 13 24 64 48 17 5 50 59 16 92 3 61 96 13 55 87 11 95 69 8 26 22 80 18 50 86 25 82 87 7 53 10 27 55 80 12 72 39 35 7 41 65 16 33 21 74 55 93 98 74 58 32 48 86 59 56 98 55 71 28 22 13 60 52 58 80 45 47 15 64 86 80 47 6 5 78 10 26 22 40 4 21 16 73 74 75 56 37 0 48 34 60 88 18 80 18 14 44 8 99 8 25 20 4 21 30 34 92 69 58 51 76 87 21 97 23 17 79 69 41 1
78 1 82 52 90 73 53 96 20 53 96 82 3 36 92 14 32 97 40 12 12 53 49 67 89 61 65 77 22 56 31 15 6 91 63 98 52 3 41 88 97 49 7 24 17 91 41 90 99 51 93 20 15 2 22 18 98 39 0 95 50 84 62 26 91 17 78 14 21 31 6 80 22 81 48 39 29 56 19 9 16 34 77 19 8 31 51 80 77 4 97 51 40 61 36 0 33 24 98 83 74 14 84 25 33 93 59 37 98 71 11 39 84 84 30 90 67 51 89 75 21 15 78 85 99 31
23 56 96 63 17 62 9 14 5 86 58 31 35 56 39 85 36 67 55 20 45 55 52 98 4 0 57 72 0 76 82 35 99 71 35 39 33 24 0 63 85 66 5 64 36 77 23 79 74 68 67 5 31 88 53 59 3 22 88 93 3 12 70 4 7 41 83 22 8 81 90 75 17 1 28 70 74 60 94 31 61 87 0 19 37 19 39 91 63 23 53 33 25 93 97 91 2 81 53 7 1 96 11 64 57 56 45 80 22 18 38 93 56 16 12 89 33 32 9 55 30 79 23 42 51 65
47 85 72 97 98 61 89 86 16 37 83 33 21 9 77 86 9 1 4 11 79 98 37 33 76 71 34 48 85 16 53 50 73 2 47 26 21 37 71 52 80 71 6 42 22 3 59 99 79 90 35 93 32 24 33 91 65 41 50 62 80 46 78 42 27 48 49 23 51 50 16 91 37 88 75 69 92 93 94 55 99 82 77 32 31 25 58 8 49 61 38 43 13 52 4 99 19 10 79 14 88 44 12 68 99 52 13 85 0 69 97 20 86 64 94 74 74 68 15 24 59 36 34 11 29 37
66 53 37 2 79 56 84 49 13 78 19 26 19 12 24 79 86 16 11 14 53 93 17 46 85 27 11 47 36 94 97 71 34 77 99 33 47 51 60 19 8 97 33 36 49 48 6 71 84 82 73 18 68 18 97 92 72 91 88 35 76 96 39 4 56 65 4 25 88 67 24 64 9 0 33 13 52 79 87 46 63 26 11 56 27 96 96 49 25 68 65 25 10 78 48 43 29 13 61 53 32 93 95 19 47 86 97 9 91 98 60 47 62 18 9 45 62 27 82 97 61 20 53 73 96 43
58 37 51 16 83 91 23 12 97 85 33 5 79 68 80 87 22 42 2 67 90 49 77 36 84 21 45 71 1 2 73 59 24 56 33 14 35 10 57 17 2 30 74 35 31 82 98 74 75 27 47 56 56 62 93 62 53 53 85 9 23 96 67 33 11 32 87 29 2 10 22 50 75 50 41 51 6 40 24 90 71 2 41 25 96 83 76 78 41 26 26 19 65 7 30 99 51 79 93 86 45 16 42 31 90 48 93 36 45 14 58 27 11 84 81 44 34 52 63 15 6 65 49 72 40 24
78 37 91 68 4 3 83 48 39 60 36 46 29 83 81 85 91 73 42 9 53 45 86 34 68 10 62 21 37 61 34 15 92 40 14 72 32 57 7 17 77 69 77 26 11 47 88 64 14 59 49 93 8 91 3 53 70 31 30 6 17 11 27 13 33 43 99 30 3 94 11 49 41 76 14 54 9 35 62 8 89 63 15 33 53 52 27 83 44 22 79 64 78 86 2 5 45 38 63 43 93 26 58 90 24 3 62 10 1 54 47 32 8 98 73 4 31 78 61 12 99 29 35 26 42 61
4 85 73 6 74 52 88 39 0 57 40 14 90 5 75 42 46 51 77 27 83 2 35 80 19 3 59 19 12 7 1 48 84 40 58 26 46 51 78 23 6 78 31 38 25 73 3 74 51 83 97 73 3 50 11 65 3 70 46 93 97 95 77 4 94 19 58 38 90 62 69 18 29 15 4 66 11 61 10 83 68 32 92 2 15 42 4 23 12 68 30 46 98 83 30 4 86 7 35 55 82 34 98 80 88 34 54 98 58 60 72 8 66 29 21 59 93 26 14 70 95 95 76 15 51 98
61 41 7 89 50 17 13 71 8 21 9 5 13 11 61 55 80 89 85 74 47 5 78 94 47 94 66 93 67 11 14 32 97 24 52 32 48 49 72 2 36 96 64 37 99 12 37 13 16 26 68 97 99 12 27 52 51 69 53 10 22 83 21 60 25 0 76 17 11 95 92 63 89 3 81 77 71 43 35 37 92 67 59 27 29 88 50 90 78 79 57 73 99 0 95 97 37 17 51 58 68 59 68 1 79 72 61 32 23 54 79 11 9 17 16 45 71 53 8 38 91 92 16 20 86 44
67 26 30 10 4 78 74 91 33 63 10 16 48 80 71 62 10 54 49 53 99 75 20 10 33 34 12 17 89 13 1 19 94 77 5 9 18 19 83 8 41 62 43 25 47 31 69 38 67 59 2 73 74 65 21 3 40 74 62 82 2 76 35 23 27 70 9 54 39 47 89 21 44 89 42 5 64 31 12 12 47 14 38 87 4 79 53 40 90 87 95 99 92 7 36 74 50 14 89 93 91 36 64 17 27 25 91 27 32 73 76 86 43 82 82 84 25 33 45 61 4 47 41 71 33 45
71 91 43 16 91 92 16 53 6 46 23 65 8 96 32 70 85 69 20 7 62 34 24 32 4 55 88 37 35 62 69 1 62 1 42 38 24 86 90 77 20 63 84 94 59 23 85 95 62 30 72 6 52 66 13 39 68 25 19 83 58 12 57 22 36 11 50 45 12 79 76 22 13 27 65 81 95 46 0 43 45 10 28 11 21 61 4 25 29 4 46 40 98 89 64 44 22 56 0 66 25 3 78 56 37 8 89 57 59 12 4 77 34 76 91 69 0 44 40 47 11 91 72 71 47 4
18 97 19 96 9 26 17 68 57 46 84 39 22 88 42 77 95 22 13 55 83 15 73 60 77 27 25 22 59 35 19 66 99 70 41 44 0 46 36 79 88 98 77 23 51 85 25 29 92 57 65 95 29 54 40 94 98 93 30 68 82 73 98 24 66 97 75 51 17 58 54 63 12 18 73 3 90 27 70 93 34 4 34 2 60 99 59 57 63 71 53 71 13 55 15 66 58 20 73 52 52 94 98 47 95 51 26 68 86 45 24 24 67 4 58 56 63 92 40 10 47 36 96 46 20 18
8 29 71 49 38 49 58 49 33 96 85 23 77 84 58 22 91 12 75 37 66 34 98 59 5 32 95 26 3 40 98 18 56 50 76 97 50 70 5 47 43 60 77 69 70 2 33 11 83 69 63 67 28 2 84 80 76 91 80 19 67 58 89 74 24 66 80 28 89 47 0 44 11 11 51 59 30 28 67 60 40 24 91 51 76 4 82 18 56 98 44 46 56 51 43 70 11 36 60 50 57 76 54 99 75 43 29 44 28 3 81 46 41 52 57 41 85 73 39 86 75 51 39 26 47 78
53 92 5 3 5 15 8 37 82 89 89 45 60 46 89 98 44 80 9 47 5 65 49 47 28 58 69 41 84 86 12 10 88 34 68 75 87 56 26 45 35 67 61 10 14 56 22 63 20 19 71 21 15 14 15 14 52 88 13 57 2 96 49 84 44 89 80 27 48 81 61 75 5 72 74 20 47 24 99 97 82 92 23 29 35 4 86 79 17 47 34 65 54 44 7 77 22 61 15 2 30 7 79 70 64 48 0 4 99 97 64 61 19 23 82 71 1 95 70 86 38 51 46 35 56 94
43 13 37 62 16 69 35 16 94 81 6 56 55 46 0 78 46 35 26 93 1 41 51 17 41 1 78 94 50 34 64 20 89 51 13 66 68 51 65 68 32 61 68 54 57 15 26 32 15 45 15 51 58 91 23 47 67 81 41 26 27 98 41 13 5 96 56 76 2 29 75 67 4 79 91 86 78 12 82 15 90 0 62 5 68 74 88 11 77 16 79 15 28 69 36 53 98 45 52 16 95 69 80 36 18 80 5 78 25 6 25 58 84 79 45 85 28 8 59 52 86 36 57 0 57 77
8 34 91 20 7 32 99 55 4 26 59 47 87 19 84 45 98 60 33 40 38 47 80 34 58 93 95 79 27 96 27 98 25 76 0 75 44 60 1 49 24 59 68 73 64 7 27 4 31 20 66 75 73 87 33 70 50 68 6 96 71 1 77 84 25 8 9 58 22 65 36 98 49 38 34 35 47 16 58 39 80 72 67 34 72 17 17 73 26 84 86 36 17 88 77 27 20 70 9 11 62 87 17 99 88 20 89 62 24 68 94 8 23 64 82 37 43 60 56 25 73 56 98 59 51 49
33 11 95 63 41 35 65 23 78 91 54 14 35 42 90 62 77 13 65 58 17 79 92 99 63 4 5 32 92 25 45 25 15 42 40 12 16 45 67 97 62 13 41 0 92 51 87 88 12 81 51 10 70 97 35 77 89 73 83 45 7 39 17 81 92 45 43 33 20 45 59 68 20 66 86 25 93 73 2 27 95 95 29 60 65 36 16 74 58 90 14 0 54 73 50 47 37 98 4 48 35 21 31 62 86 45 44 78 1 18 83 51 24 74 35 23 8 66 76 54 83 4 44 39 44 15
61 94 43 61 74 89 4 59 3 24 30 99 88 3 15 37 98 95 62 76 43 46 15 57 34 34 39 47 66 65 98 88 85 37 23 20 14 17 81 29 43 46 51 70 88 0 23 26 65 34 81 23 1 4 52 67 49 21 0 28 34 93 33 49 66 96 36 28 9 58 75 67 37 54 3 60 57 71 77 73 22 79 45 85 6 14 65 65 53 93 44 80 67 11 68 65 38 85 17 0 10 74 85 97 57 27 67 9 0 50 63 7 61 54 42 85 9 4 59 66 36 3 49 46 87 72
68 54 2 88 58 2 12 45 72 68 78 0 1 49 4 80 15 19 52 97 31 92 87 29 60 99 62 15 24 57 77 52 53 68 22 80 38 86 60 69 14 38 90 57 35 97 77 9 92 7 7 25 40 28 24 49 95 82 55 57 80 54 55 54 68 17 27 58 6 22 77 87 63 89 30 26 81 89 70 12 91 72 36 2 59 4 80 91 20 43 22 67 27 41 12 21 38 20 23 0 83 8 24 91 19 21 90 3 96 32 44 24 25 8 48 70 32 93 95 96 70 82 28 31 70 78
37 76 47 25 43 69 31 65 45 41 44 0 87 70 84 50 64 41 43 47 13 94 97 44 38 52 76 3 10 59 15 15 0 88 21 48 94 77 26 43 25 85 19 94 26 83 51 88 23 82 53 34 59 89 55 44 39 29 81 44 85 13 90 81 41 88 61 65 35 39 95 52 23 8 6 52 93 14 16 98 62 79 89 80 88 34 75 72 67 95 30 19 43 58 94 91 56 22 92 66 87 10 69 43 91 64 7 93 18 88 61 13 11 71 3 48 49 99 58 96 56 48 8 75 53 53
29 60 41 31 97 27 34 50 19 45 69 43 39 15 38 93 35 51 65 91 48 95 92 52 52 7 93 55 43 25 50 39 45 53 30 5 11 94 80 16 44 65 53 85 21 28 61 84 37 81 10 24 80 56 94 5 33 62 17 80 68 50 78 28 31 52 31 61 17 71 70 21 3 4 55 65 41 34 84 92 74 79 31 20 56 49 36 40 47 60 68 52 80 53 25 28 45 65 64 94 61 46 31 5 2 32 68 74 42 63 7 44 16 19 81 71 14 65 6 16 95 75 42 1 41 74
30 46 59 71 58 95 20 42 75 16 87 88 28 97 74 78 51 46 14 32 50 27 76 64 15 87 17 80 46 66 35 36 38 50 93 44 68 29 42 85 79 78 19 57 91 52 9 22 45 81 75 93 65 98 94 87 59 7 98 74 27 62 51 68 87 39 17 60 88 63 91 93 88 64 5 94 72 44 76 59 19 68 61 33 18 4 68 27 42 61 56 64 45 79 68 48 31 81 47 70 20 21 89 2 3 39 96 95 91 73 88 88 4 41 92 17 83 69 86 55 64 43 34 5 51 64
63 63 29 98 6 65 4 55 87 31 40 28 80 30 42 53 91 15 63 73 55 21 4 27 40 39 13 48 84 1 26 62 71 42 98 62 4 46 59 97 52 79 61 50 64 6 36 63 20 91 44 95 16 64 27 34 53 11 63 45 58 38 58 43 82 37 76 22 91 1 14 35 82 44 38 39 14 3 45 37 73 40 10 10 1 83 78 0 70 38 63 82 71 96 6 95 46 3 39 74 25 72 34 34 92 86 77 3 83 36 69 68 49 33 98 35 4 25 14 12 45 14 60 72 10 56
9 0 79 58 80 5 0 11 16 67 99 55 88 35 74 13 94 4 71 94 89 9 3 75 5 15 63 63 11 46 84 8 99 80 44 69 30 35 86 41 50 35 49 2 55 86 78 14 30 66 40 70 66 85 71 38 14 59 79 67 8 40 15 33 47 19 13 30 34 68 25 92 79 57 59 63 21 79 14 6 98 22 5 68 68 61 43 36 34 38 77 24 71 78 76 19 25 47 81 91 7 5 88 18 93 86 23 1 54 98 75 50 91 1 52 18 99 11 16 92 82 70 94 54 91 19
1 1 67 9 25 94 48 88 53 48 95 49 55 4 65 75 72 86 15 74 79 87 96 69 93 61 72 49 57 75 65 40 27 72 48 24 73 41 71 97 64 96 36 62 5 35 3 2 70 22 94 78 46 26 21 98 38 85 95 55 83 99 32 84 11 48 62 84 68 48 48 30 60 67 66 57 28 98 54 46 45 75 89 57 38 51 59 48 35 22 90 62 50 0 25 54 36 19 57 18 85 64 53 11 85 45 38 18 16 32 33 71 41 54 7 94 91 44 34 19 66 20 41 95 89 57
1 29 38 22 74 28 57 90 60 51 60 35 35 77 20 90 72 51 98 25 63 9 66 83 92 74 72 41 42 16 83 89 29 66 42 96 31 4 58 46 39 40 62 41 59 61 85 73 73 78 59 31 65 36 37 97 13 72 1 94 23 49 9 91 56 31 21 59 9 51 93 8 37 19 27 86 18 82 97 32 70 14 87 60 93 57 82 81 28 50 39 90 65 85 17 38 92 10 7 36 7 37 66 23 13 9 91 77 24 68 64 19 18 85 15 69 35 28 21 89 68 76 6 64 31 62
11 13 27 27 79 72 86 82 10 96 9 82 81 72 3 31 23 5 38 31 20 55 30 98 57 50 18 22 87 79 82 87 44 87 99 65 34 6 96 19 83 98 62 64 71 61 58 31 18 22 66 21 54 10 53 27 40 24 87 68 30 53 71 93 26 41 1 50 2 64 47 45 91 36 75 53 42 39 71 76 82 69 38 63 35 6 95 81 20 94 96 36 9 48 24 96 59 52 39 17 18 38 69 71 51 34 93 42 32 78 40 79 76 56 0 40 12 48 60 62 23 70 44 29 11 68
2 74 76 38 42 40 83 10 98 20 99 67 54 90 35 18 26 1 54 45 73 96 89 58 39 69 55 44 20 20 49 61 6 93 31 34 45 19 77 80 78 98 44 10 61 30 2 36 39 58 62 89 57 29 78 4 92 16 44 63 4 33 97 63 25 31 39 50 12 31 56 53 89 64 45 63 77 94 42 32 44 44 1 46 75 69 95 2 13 47 78 30 52 18 54 29 80 80 98 88 31 92 78 27 21 75 39 13 58 19 30 23 7 91 15 73 77 66 95 66 62 95 91 31 78 72
59 68 0 13 86 91 18 64 18 25 53 69 98 57 10 71 95 44 97 46 83 44 19 84 85 84 56 2 10 56 33 48 2 49 21 86 90 25 34 4 10 54 52 98 5 36 27 62 79 46 27 31 96 78 13 51 18 42 81 70 36 58 96 55 68 46 85 75 22 60 61 99 84 23 65 39 18 99 13 67 94 28 22 59 32 61 92 46 17 39 1 50 55 88 1 61 75 45 35 84 92 99 89 82 79 89 91 32 60 98 58 3 44 67 32 64 51 3 13 25 43 0 73 36 59 43
8 80 44 54 81 23 66 51 49 65 76 54 90 83 58 63 58 43 76 28 85 48 9 42 6 90 62 48 81 40 32 5 9 75 4 36 74 12 30 58 70 35 22 19 91 78 7 67 98 99 6 24 1 38 49 63 70 4 7 72 88 61 46 13 65 49 56 65 47 59 79 37 8 92 13 59 21 41 47 69 72 0 11 83 94 80 73 24 19 74 96 31 39 4 49 75 89 66 15 37 80 12 8 27 75 89 39 67 57 82 62 57 46 23 20 96 6 31 5 90 78 37 66 39 8 42
88 3 14 4 14 40 1 80 48 12 92 52 54 11 50 8 63 40 10 23 39 28 28 47 0 93 18 8 55 32 38 62 66 2 34 48 88 66 11 91 87 72 61 49 43 33 41 21 97 45 70 71 82 73 94 27 41 70 68 10 96 59 10 30 32 59 26 21 56 92 90 46 92 1 55 29 68 42 8 29 60 30 46 3 26 93 45 77 53 16 8 97 93 67 40 93 46 73 9 57 33 91 51 77 37 27 7 52 62 9 96 68 47 11 68 42 9 23 43 60 19 15 74 76 88 41
26 17 2 19 53 52 0 29 39 92 51 19 78 88 49 43 50 44 19 82 47 50 64 23 38 28 63 62 82 6 8 45 56 94 33 40 62 32 88 76 82 41 28 86 76 50 12 64 53 70 99 13 88 30 38 45 48 61 81 77 38 52 91 50 61 71 73 50 88 18 69 51 92 93 76 55 59 8 54 32 15 40 80 53 28 6 25 63 18 4 40 87 24 45 80 70 81 66 74 72 65 33 45 33 70 65 35 26 44 63 17 60 42 93 68 68 3 53 37 37 93 22 43 92 72 46
29 89 58 35 55 46 64 13 48 89 63 43 70 10 65 91 6 94 5 78 44 83 92 72 79 54 42 10 84 53 20 1 34 92 48 65 52 3 44 93 98 61 87 31 27 96 30 32 65 23 80 56 27 92 52 15 19 71 19 23 14 85 76 92 22 75 11 40 37 93 8 85 45 21 64 90 93 57 64 55 82 64 55 96 66 13 45 84 58 69 3 94 46 88 99 48 89 6 25 18 98 91 74 93 10 74 62 80 19 66 42 3 21 79 87 3 91 42 18 80 92 72 38 47 6 42
76 11 68 87 70 85 82 15 7 62 98 24 28 73 17 22 2 11 33 43 65 0 27 68 66 70 33 40 80 9 22 84 10 95 72 17 96 76 55 67 0 20 62 49 34 61 40 34 99 6 97 11 13 11 86 62 85 53 27 80 14 14 61 63 91 50 93 41 58 11 12 98 70 83 82 15 38 10 41 79 77 47 76 48 2 91 15 21 38 93 11 20 69 45 66 86 22 48 15 6 89 9 38 53 33 2 64 28 91 80 38 74 4 50 58 28 80 5 2 96 31 66 36 10 80 3
57 87 68 12 28 28 68 35 95 54 74 51 68 35 86 27 19 90 31 50 59 31 65 58 42 66 36 3 38 6 98 6 2 92 60 42 69 52 52 79 71 18 63 31 39 61 11 4 4 27 7 78 7 52 26 79 12 12 2 52 98 99 33 74 13 34 36 44 31 61 81 86 80 68 53 85 7 37 84 38 46 32 38 86 95 59 15 41 29 45 61 67 80 7 76 44 20 58 78 33 58 70 30 75 20 4 61 84 67 79 60 40 23 12 43 60 4 81 4 76 59 40 33 4 94 3
95 19 76 35 3 88 38 76 46 20 55 58 15 46 74 7 84 26 98 55 62 92 93 93 14 6 19 29 64 27 62 97 64 81 86 63 23 3 72 28 18 94 87 87 92 8 55 75 24 54 94 48 36 20 17 55 56 70 13 36 14 77 1 37 21 46 19 75 23 44 6 68 35 0 78 54 1 53 44 89 94 28 97 0 81 73 40 46 73 0 95 21 60 13 91 0 70 20 69 7 41 95 38 42 21 80 8 45 59 97 41 21 69 98 29 75 85 25 85 31 13 30 44 8 11 69
7 37 41 69 76 23 72 23 29 43 37 58 99 97 83 19 29 53 42 25 61 10 19 14 77 7 9 73 92 83 46 80 0 85 58 21 6 66 44 61 48 13 52 63 22 15 48 38 7 84 52 32 98 88 55 73 9 24 15 96 66 13 40 49 51 51 50 94 59 32 76 23 52 45 32 91 65 0 52 46 88 77 20 71 91 22 57 75 92 7 31 52 68 40 66 76 8 11 62 84 56 48 79 47 73 14 28 49 98 34 61 16 8 87 92 44 33 27 42 40 56 40 66 99 99 5
88 76 87 37 28 94 29 45 33 7 51 88 63 12 70 79 11 18 66 68 47 40 98 58 77 29 26 47 98 59 96 66 22 71 80 71 24 88 4 53 14 71 72 22 1 66 29 51 37 61 81 47 11 15 73 42 43 87 5 8 91 68 24 47 43 49 21 71 67 29 98 25 67 91 81 99 25 69 18 17 99 49 63 22 64 9 75 53 60 59 1 81 31 72 84 12 19 47 57 97 7 69 32 20 63 1 40 23 12 90 31 31 42 2 58 29 68 63 9 53 53 67 70 63 80 81
23 24 16 23 8 99 82 59 99 1 95 52 98 99 43 81 61 30 47 67 14 68 71 0 93 30 75 1 14 86 7 73 13 93 25 11 8 78 86 10 26 22 81 23 74 73 40 91 5 33 61 1 26 42 75 49 45 26 12 79 27 40 77 69 40 93 60 54 70 84 89 73 18 50 8 55 55 77 68 85 22 26 71 51 60 4 86 29 80 30 79 62 6 29 85 60 5 94 48 73 94 89 82 76 63 46 52 51 49 68 27 41 70 76 59 0 2 4 7 24 24 77 61 69 91 39
30 96 38 52 92 96 44 25 50 99 57 80 74 40 44 35 74 71 23 72 67 63 10 68 52 84 44 94 90 74 24 50 37 83 72 49 7 23 93 35 2 54 15 64 73 84 11 79 93 52 81 51 54 65 45 11 35 12 33 51 43 77 12 17 38 43 21 83 65 0 66 70 15 13 86 84 79 44 2 95 26 70 32 56 3 38 68 30 27 82 52 87 0 46 87 85 86 69 39 99 9 19 36 60 1 47 48 39 40 27 80 74 32 42 57 39 63 14 89 75 73 79 28 73 17 66
55 30 36 75 16 61 45 15 87 65 19 40 62 88 51 61 78 11 38 50 45 6 54 33 21 97 87 66 39 65 11 61 77 17 32 75 22 87 2 78 21 92 25 87 84 97 37 86 43 67 63 54 18 51 38 66 63 40 89 66 71 90 79 37 46 0 90 89 18 16 66 50 25 78 36 23 12 86 34 91 60 55 18 47 22 62 1 30 81 3 1 48 68 20 62 78 87 9 62 69 39 61 93 77 51 88 83 26 45 83 80 96 42 15 85 67 42 49 42 24 7 35 65 30 68 40
27 70 88 29 97 43 57 86 75 37 45 81 61 43 34 1 65 9 32 50 90 97 42 41 17 53 2 26 60 40 51 81 63 72 43 31 10 53 68 61 42 4 10 17 8 57 67 66 67 45 20 60 19 81 81 83 71 89 78 54 5 66 1 2 50 93 66 39 75 70 3 47 23 0 14 61 82 76 91 57 75 14 59 61 72 14 39 86 68 17 88 59 48 80 11 30 38 87 22 89 1 87 25 3 13 47 17 39 64 68 67 6 79 81 32 68 34 41 50 52 44 83 98 14 71 85
34 39 35 86 1 42 0 79 90 14 51 81 71 70 87 4 39 61 5 72 85 32 65 74 2 26 43 90 22 33 0 46 91 25 7 89 23 81 77 93 45 81 18 46 58 32 55 17 8 83 13 95 71 66 90 55 42 81 26 1 1 35 28 64 69 21 2 23 64 57 20 69 36 19 46 54 12 86 12 65 94 37 81 31 5 11 28 83 90 17 43 60 7 85 17 60 3 81 73 40 63 69 50 74 67 71 66 25 97 36 71 72 23 38 27 52 67 67 15 27 63 95 75 58 12 34
16 14 38 78 53 21 75 51 18 23 61 51 26 97 86 86 40 22 46 21 15 41 75 19 51 98 83 87 81 99 69 11 63 98 80 35 44 82 4 91 62 28 86 24 11 79 34 94 29 60 54 87 72 34 82 67 55 16 49 20 10 69 1 17 94 16 56 88 8 79 3 34 69 9 27 61 23 43 32 77 1 87 10 46 29 32 66 25 76 62 99 1 6 59 20 84 22 67 21 44 1 62 66 81 78 18 27 80 96 56 89 31 72 54 62 73 20 72 3 84 35 87 93 17 32 46
49 36 99 67 18 66 96 20 54 83 10 84 60 88 37 39 84 24 21 39 26 71 69 75 52 4 71 13 22 4 53 27 53 49 45 46 62 85 73 59 4 78 97 38 72 73 67 93 36 82 34 45 72 77 27 35 26 76 85 8 39 56 8 57 52 55 81 99 47 47 16 75 35 31 13 55 19 2 29 35 36 6 66 93 58 84 60 52 91 48 47 76 47 57 78 77 75 13 44 14 42 98 66 96 93 26 56 61 23 63 81 20 85 44 1 40 74 49 26 71 42 89 58 67 87 20
22 18 15 45 30 10 52 34 84 97 92 56 10 15 25 58 97 76 84 95 65 94 12 61 83 76 75 0 69 16 73 17 6 58 45 43 54 41 25 6 88 74 13 96 84 51 98 55 92 29 33 25 17 99 75 2 64 56 2 44 60 56 13 63 92 44 48 49 57 6 11 10 96 1 1 16 58 17 19 34 92 89 96 38 21 40 89 34 9 72 62 89 48 66 43 35 49 48 99 12 39 47 21 85 31 56 65 69 43 68 63 97 21 25 86 99 68 15 75 17 68 85 93 90 96 49
67 98 65 68 15 30 41 41 81 48 86 43 46 36 70 69 88 96 12 46 15 2 11 11 74 38 60 7 73 73 38 55 10 37 41 60 16 58 11 68 59 11 0 74 76 41 31 50 25 91 93 14 97 10 14 83 6 14 45 89 85 46 52 75 5 15 38 77 6 96 95 66 99 64 28 39 65 94 14 77 74 74 70 40 98 51 78 7 71 12 35 98 78 33 41 52 99 46 20 69 74 11 85 11 12 38 75 28 39 32 27 28 59 27 63 89 11 52 50 83 97 11 45 88 39 38
27 84 95 45 62 87 35 75 1 26 94 59 52 62 84 11 13 89 61 75 22 13 41 32 58 51 86 85 25 20 60 35 14 99 74 90 26 92 71 78 24 36 90 14 28 87 9 95 78 79 28 48 40 92 76 98 22 28 20 47 77 30 86 35 51 92 83 47 40 76 17 32 77 30 66 88 5 78 34 88 22 14 17 98 29 21 41 42 58 18 10 27 75 66 53 95 39 92 90 5 36 54 67 35 97 50 33 98 16 51 50 98 22 45 46 53 87 84 74 37 96 4 1 63 51 89
86 66 68 12 83 24 20 97 34 65 75 65 55 49 30 99 63 2 95 73 55 38 10 90 82 62 65 56 42 75 71 16 22 34 11 52 3 0 67 22 2 21 92 34 51 5 18 99 54 62 53 78 45 73 28 24 50 94 4 64 47 1 27 32 98 79 11 98 2 28 68 35 13 26 48 24 68 76 17 54 86 52 86 98 49 21 27 82 31 82 47 1 63 45 74 35 70 52 44 92 7 98 70 53 12 86 47 83 31 12 63 85 65 14 9 86 88 66 75 19 62 7 85 79 95 28
89 37 57 44 14 80 15 94 8 39 51 75 38 25 74 31 40 41 72 81 7 60 72 48 68 64 3 59 36 98 27 76 66 30 9 69 98 41 14 85 13 26 80 95 95 85 15 72 64 47 2 38 65 51 22 31 64 10 19 10 45 28 86 18 85 29 87 16 32 19 29 63 41 81 39 82 8 66 69 96 17 71 21 88 11 25 71 34 98 81 86 30 70 14 10 39 11 66 50 25 36 15 23 95 36 65 72 37 51 92 16 38 38 93 89 2 88 2 0 31 91 19 65 84 0 22
3 10 24 47 74 86 85 38 11 85 11 93 72 87 36 85 49 35 49 88 47 85 88 77 99 85 86 47 99 62 55 46 43 8 45 78 58 77 95 84 49 59 31 28 68 61 8 50 34 98 96 53 18 37 12 21 12 12 93 30 36 88 8 55 11 19 31 26 83 88 42 97 8 4 66 65 54 76 4 21 68 85 73 3 63 20 37 93 10 64 36 77 47 40 24 4 40 81 67 11 81 36 56 26 56 31 33 86 99 42 2 68 6 59 82 46 15 77 23 35 50 54 35 0 89 42
45 78 90 41 41 4 22 33 12 32 42 73 40 34 15 85 2 76 65 61 66 82 12 25 8 24 50 65 49 77 46 51 60 49 50 97 1 55 60 86 2 1 79 26 66 16 46 54 84 98 22 35 92 14 53 98 28 88 30 66 75 41 96 48 16 52 67 76 6 80 4 28 37 83 65 31 25 20 57 39 89 78 70 98 85 46 89 88 93 42 21 51 37 79 5 32 98 98 96 81 53 36 71 78 52 58 81 96 18 23 66 81 50 59 96 20 3 69 25 61 25 39 58 52 55 44
0 18 15 90 69 72 36 0 41 48 58 26 99 75 25 72 51 70 41 76 44 24 99 4 25 49 43 44 95 96 12 95 50 9 98 59 25 46 62 10 22 92 39 79 73 50 29 58 80 90 99 89 95 35 72 54 98 6 65 16 85 54 30 38 53 16 30 16 83 92 98 21 64 21 6 80 98 15 97 47 55 4 32 47 26 97 59 37 27 77 77 84 53 10 87 10 97 83 79 97 6 41 77 60 55 64 5 70 14 1 14 19 29 84 10 10 52 93 80 46 70 63 75 66 22 39
8 25 13 59 98 52 60 45 14 2 34 77 61 28 68 56 69 87 23 83 91 73 50 67 23 18 85 51 20 42 89 71 39 19 81 51 70 59 71 86 89 67 21 75 62 20 69 16 1 58 65 48 21 53 53 67 64 14 49 94 6 71 19 57 3 23 41 20 8 9 22 54 73 70 88 27 82 43 36 26 9 88 32 58 94 2 18 57 3 59 74 57 82 44 6 33 98 42 40 29 28 58 71 74 58 46 28 6 14 5 86 84 89 73 48 49 94 71 53 63 0 60 56 84 37 47
14 48 71 84 90 39 84 99 23 37 43 70 23 83 31 59 24 18 95 97 95 36 27 3 55 63 70 86 32 10 13 94 49 44 20 77 70 51 40 66 58 39 12 44 61 12 94 69 38 1 97 31 42 57 15 17 3 70 34 43 5 24 65 70 21 87 51 21 41 84 3 79 18 19 53 73 43 58 11 58 61 15 65 38 39 54 69 51 11 60 72 28 57 23 5 28 76 30 29 23 10 84 97 37 55 37 1 8 69 56 71 23 14 81 55 9 44 16 60 92 10 96 71 10 48 90
20 35 46 51 51 44 41 87 94 64 25 74 91 2 19 18 92 20 97 75 30 52 64 41 43 35 14 84 44 77 37 88 53 11 2 27 58 86 86 51 50 55 78 36 11 96 37 18 84 4 81 5 10 82 41 42 15 42 79 77 47 79 34 40 33 12 32 48 6 1 13 8 39 2 23 47 61 93 79 53 33 95 84 44 87 65 41 85 64 94 44 85 20 20 28 69 31 60 69 95 47 22 84 8 77 69 6 62 94 47 17 96 10 53 24 90 89 73 99 99 25 30 6 26 81 65
58 24 13 89 39 95 39 47 81 19 84 89 83 82 8 90 89 59 91 89 74 99 27 37 18 74 33 6 48 67 91 72 76 1 33 9 57 88 24 49 26 7 6 83 33 41 87 96 99 12 6 34 47 35 77 70 70 12 54 66 58 73 42 79 8 9 39 99 49 39 70 32 6 41 8 21 70 57 9 29 99 8 29 59 7 1 69 34 78 26 83 44 16 90 79 0 39 14 58 41 3 94 60 93 85 77 49 65 42 29 25 43 80 43 38 31 83 82 37 24 76 5 23 74 96 2
95 96 67 47 86 69 13 72 16 88 4 57 5 95 56 3 29 30 89 83 34 92 41 26 84 97 9 28 62 75 99 97 35 73 56 96 59 70 65 28 37 95 36 15 19 40 72 68 62 2 63 47 51 74 22 1 70 55 49 61 53 4 25 82 0 81 37 43 42 81 41 27 43 52 14 64 65 6 15 4 56 12 43 5 15 64 87 41 17 50 65 68 34 40 44 70 6 56 73 60 78 55 45 32 35 55 63 15 21 87 99 52 45 26 70 28 2 56 57 59 80 12 36 80 41 29
30 56 66 38 43 1 17 38 78 69 71 8 8 15 55 30 48 20 58 61 81 41 59 20 54 38 96 8 57 58 21 99 86 91 79 55 51 7 66 17 47 45 82 37 31 64 98 86 32 14 47 39 43 94 99 78 63 10 46 30 14 36 84 84 7 71 0 8 34 48 63 50 3 97 67 8 96 43 73 64 39 35 76 79 79 55 86 37 19 25 15 72 48 51 52 83 92 38 65 9 8 15 49 97 78 3 35 1 55 6 72 13 92 47 90 48 8 70 80 73 1 75 24 96 93 70
84 60 99 68 77 40 60 91 79 32 57 52 15 33 41 26 51 28 31 70 7 37 60 29 3 77 83 82 2 69 62 53 77 90 25 63 13 97 53 37 17 62 58 86 27 40 19 52 92 18 48 33 61 56 21 10 36 58 39 60 35 0 59 45 22 91 67 5 94 88 89 31 85 53 45 13 6 64 32 91 23 8 69 21 25 37 26 68 13 22 33 28 58 78 21 63 79 44 61 40 71 82 7 84 38 75 90 63 81 56 62 28 64 56 39 47 6 91 64 8 47 40 3 85 92 25
59 97 63 15 93 23 92 59 99 81 14 13 1 20 59 47 65 30 25 48 94 68 85 40 9 22 79 25 76 20 78 93 86 7 86 23 33 83 16 67 40 19 44 91 45 45 19 58 61 96 61 90 50 22 46 33 33 5 46 2 15 21 2 51 6 36 96 42 98 27 16 90 85 29 75 87 50 76 99 3 10 9 56 74 21 92 21 69 3 62 24 28 15 35 40 88 8 13 20 15 19 71 78 88 78 41 18 25 15 45 78 13 40 61 67 93 10 13 54 35 20 69 81 59 54 73
80 96 88 60 98 79 38 49 28 52 39 3 77 88 62 49 67 25 32 34 74 77 89 46 91 85 46 73 12 92 82 48 58 31 88 86 22 33 26 46 71 91 7 52 70 70 48 13 91 52 43 70 52 25 53 60 42 48 49 60 82 78 9 15 75 40 69 30 67 15 12 56 28 27 9 37 86 85 10 3 4 15 60 48 82 67 42 94 93 60 38 93 97 34 26 20 75 74 11 34 6 79 84 79 10 85 77 77 14 19 39 46 40 17 77 56 69 15 43 32 55 96 81 95 34 89
59 78 45 12 3 66 76 72 7 24 4 90 82 58 69 29 99 7 83 89 70 37 69 69 49 6 1 27 12 11 9 76 84 82 44 28 25 46 76 0 80 61 21 28 51 31 54 70 12 4 53 83 77 89 30 29 89 38 38 52 22 2 60 64 8 35 39 80 10 73 89 19 9 92 97 65 59 55 0 69 65 72 63 74 50 34 35 25 17 78 62 0 7 72 42 98 38 11 37 81 57 53 56 35 72 0 90 43 73 49 5 12 48 89 82 54 27 24 47 34 29 30 86 56 91 96
46 45 60 35 85 97 10 73 93 98 62 13 45 4 85 63 8 23 24 41 22 63 67 95 82 42 58 20 36 32 76 30 88 2 86 18 79 10 72 58 57 22 79 53 72 34 87 74 92 55 68 83 70 13 96 91 44 54 28 89 77 98 40 64 29 57 77 84 88 84 50 73 78 69 63 85 71 5 99 24 91 53 23 15 88 22 84 51 50 6 85 18 46 11 98 90 75 2 84 82 57 31 55 86 85 40 76 51 89 91 95 3 63 41 81 69 60 43 52 55 63 62 11 92 44 71
49 54 72 72 90 72 67 88 53 56 91 37 45 52 40 27 64 19 12 35 48 94 59 79 19 20 9 69 19 15 13 1 40 60 19 46 76 13 72 2 90 54 19 24 32 64 72 84 21 42 97 64 87 3 88 9 70 68 0 58 32 15 86 13 41 91 12 34 5 34 78 5 92 71 94 6 20 88 98 37 75 84 24 27 63 65 36 95 68 31 4 39 32 89 99 95 95 3 4 27 53 57 88 67 44 48 69 86 20 55 72 55 65 36 83 45 58 17 25 94 89 63 42 53 93 44
32 49 70 43 29 29 32 92 99 77 65 98 41 10 82 70 16 80 16 91 52 94 58 71 24 11 39 37 58 93 35 58 89 17 71 86 43 91 39 97 40 73 3 96 92 71 41 66 82 68 56 50 45 0 27 62 62 50 19 76 78 18 88 79 65 39 23 18 20 38 72 38 16 90 62 50 81 44 21 38 98 66 61 8 69 76 57 95 94 37 96 83 98 59 86 73 7 82 40 50 97 32 97 32 84 18 86 93 99 48 3 6 34 30 65 24 69 45 37 65 80 52 99 88 40 74
64 66 77 86 4 56 53 50 80 27 33 83 21 97 70 54 33 90 45 9 7 56 55 49 36 73 94 95 64 39 77 49 21 60 36 66 0 11 2 31 36 51 25 77 22 93 87 54 77 56 1 98 95 78 27 62 38 99 87 97 53 71 2 90 50 31 25 73 38 62 43 88 89 26 89 15 32 52 28 73 74 41 94 62 76 25 82 17 51 15 77 18 98 71 54 16 45 80 61 84 4 68 97 29 96 86 51 62 48 58 87 74 54 23 48 9 76 73 24 78 18 41 88 41 98 49
77 21 80 2 56 47 47 12 53 93 85 38 73 54 65 95 60 7 84 99 2 18 33 10 36 38 88 89 98 77 43 17 25 73 29 34 85 30 67 55 35 29 40 79 1 44 38 25 40 20 98 71 18 45 89 69 91 63 37 51 40 14 41 79 95 75 20 16 67 4 71 20 83 60 21 63 12 59 67 64 69 54 88 2 21 93 14 6 81 6 96 12 87 76 86 8 38 23 62 13 49 1 60 2 1 19 98 10 14 24 12 29 20 95 85 46 82 54 18 3 19 46 45 83 3 92
78 90 38 36 3 57 18 87 61 1 5 35 66 32 97 36 75 60 28 30 5 82 35 48 86 51 24 23 48 32 70 41 80 85 48 34 21 13 1 36 10 75 30 39 78 58 10 57 12 97 69 5 74 80 33 1 90 9 50 98 36 4 98 62 92 90 8 13 95 97 5 10 38 98 87 69 52 33 79 75 8 11 73 42 88 22 7 9 82 47 95 68 24 0 47 53 41 84 0 74 10 18 77 40 71 5 49 20 86 77 1 67 64 41 39 31 15 69 10 26 93 2 58 24 38 52
28 98 95 62 99 30 1 47 52 82 66 91 79 89 46 60 67 40 83 73 93 88 87 88 57 84 56 80 73 7 63 1 11 2 50 4 26 76 63 49 62 71 50 18 94 6 64 89 40 9 24 9 22 0 14 8 62 97 36 42 33 8 60 52 18 39 51 50 26 80 42 87 66 12 41 13 64 49 66 55 1 30 28 4 20 47 56 76 74 23 98 32 51 64 67 66 30 85 73 17 46 23 52 60 36 43 0 40 60 67 61 33 83 97 4 92 89 87 41 43 25 46 24 7 84 9
59 36 34 52 66 54 79 78 43 36 47 61 76 94 95 88 48 91 55 48 93 41 83 19 1 60 81 96 69 63 17 90 66 10 19 25 31 54 82 54 25 2 30 31 19 69 68 17 51 49 1 71 65 47 23 46 12 2 72 94 14 57 47 90 82 4 33 27 29 89 62 29 68 90 48 32 68 24 23 35 62 19 80 41 44 2 68 91 2 60 27 66 5 66 34 87 46 17 88 25 8 57 6 10 10 38 2 35 87 11 14 51 54 51 47 61 53 50 63 89 50 28 97 44 75 50
83 68 98 62 68 38 40 90 37 39 33 71 52 93 58 70 19 92 4 26 48 26 18 32 65 74 51 48 15 32 45 65 46 56 79 16 63 74 48 39 97 3 73 33 76 14 4 48 80 66 14 39 28 7 99 40 56 13 57 71 29 51 96 42 6 13 8 77 19 24 46 7 77 60 61 97 34 47 3 10 43 32 95 46 19 23 11 64 81 56 48 47 69 85 66 47 45 4 78 37 17 33 45 93 75 8 40 0 40 84 43 24 47 61 65 46 59 21 97 0 46 47 17 30 50 28
54 66 13 40 46 22 12 93 62 6 63 93 64 32 51 88 20 84 93 65 5 58 91 69 67 63 39 83 87 75 87 30 44 47 97 58 37 45 38 59 6 96 22 95 70 45 39 17 66 71 53 92 54 41 35 15 9 95 36 37 51 90 84 99 78 84 54 94 29 42 81 7 20 2 80 70 92 42 5 91 48 80 13 31 36 90 12 26 79 77 83 94 10 88 6 42 68 27 7 93 45 16 67 69 81 58 76 55 62 26 39 23 80 3 48 8 55 59 6 69 29 36 15 36 3 46
2 3 95 46 2 60 91 64 1 42 90 30 48 68 13 44 59 33 78 17 1 94 69 12 82 71 29 16 34 19 83 87 12 80 90 39 5 54 47 94 39 29 70 74 14 49 16 60 52 26 74 4 16 75 97 85 99 94 2 38 83 15 97 45 5 61 68 60 58 39 2 2 92 68 44 86 52 27 89 80 94 56 62 89 22 74 71 11 54 52 37 82 18 52 41 32 32 45 59 61 46 64 23 12 31 90 25 62 76 6 29 59 21 16 72 32 62 69 51 55 4 84 69 75 77 90
43 29 9 93 43 91 93 43 14 33 73 98 5 95 57 57 79 85 82 6 97 3 90 63 51 42 24 74 33 26 93 36 72 30 70 8 55 25 85 75 2 26 58 77 78 55 15 9 63 45 57 81 59 70 99 50 77 53 75 36 97 58 3 44 55 42 97 24 72 14 43 87 54 53 89 81 48 78 71 7 62 77 20 42 54 90 51 77 69 71 36 52 61 55 68 83 14 5 10 26 57 76 38 94 9 3 18 50 53 46 92 57 88 80 14 8 27 8 22 26 32 0 5 36 60 39
66 4 71 19 59 33 72 34 67 81 89 21 41 26 2 66 85 69 22 86 80 2 22 63 82 39 84 20 52 20 89 65 26 15 18 53 77 32 79 47 25 5 27 55 60 86 29 61 30 94 73 1 54 69 90 99 55 87 32 6 43 18 73 71 45 69 53 41 17 26 17 34 28 42 41 23 43 15 26 11 53 11 31 4 89 9 1 0 63 42 96 85 17 40 9 81 60 74 42 99 1 19 30 74 81 72 26 96 96 51 85 38 99 79 32 10 77 18 20 54 16 37 21 91 21 16
36 31 3 41 83 78 74 49 13 10 3 84 13 2 10 49 67 34 76 72 58 32 96 52 42 33 50 52 48 70 41 79 9 28 91 0 14 65 41 98 79 1 71 5 27 35 88 22 96 89 90 67 98 64 71 43 87 43 90 51 85 2 0 65 10 77 89 86 90 74 45 94 78 11 97 19 19 88 17 51 99 94 34 88 35 57 97 31 58 39 22 47 55 94 65 84 54 24 0 67 57 0 21 49 80 43 26 43 1 31 30 48 7 23 75 50 55 1 66 55 9 54 96 89 87 8
47 48 59 26 12 25 43 21 56 31 84 16 60 78 70 20 98 8 75 87 32 69 48 15 86 70 12 74 9 35 57 96 95 46 67 56 64 37 41 16 38 85 77 74 9 19 4 2 87 60 2 53 74 49 94 46 46 42 37 18 92 12 59 47 84 63 30 12 59 84 61 98 66 86 40 51 30 87 90 3 43 43 43 95 7 84 1 22 29 1 48 18 47 82 67 37 64 78 86 72 16 25 71 16 12 70 82 20 56 10 53 19 80 23 47 37 82 45 22 21 3 85 63 77 63 57
72 10 84 72 84 85 21 39 51 70 54 19 75 10 68 21 0 21 80 9 37 98 18 31 43 91 65 13 24 66 46 96 33 71 2 90 5 14 41 22 15 33 14 65 48 34 50 11 62 12 49 72 80 84 56 10 10 79 50 22 72 19 1 27 49 68 34 14 60 78 50 51 96 21 99 23 80 56 74 4 51 88 10 55 53 80 19 98 70 64 63 74 41 87 30 32 5 35 73 58 98 96 8 75 1 77 31 13 96 30 57 20 43 47 42 71 10 84 3 27 18 65 19 36 12 63
86 12 42 41 85 32 65 5 0 5 83 39 66 92 65 23 82 27 29 32 51 85 97 1 58 16 2 66 97 92 77 16 3 83 18 87 13 20 35 83 87 74 67 99 39 57 15 71 44 60 22 33 86 76 41 59 24 25 73 91 61 8 60 4 59 60 28 41 24 88 62 27 3 12 23 44 93 20 43 65 40 88 0 89 3 6 94 94 61 79 9 53 63 2 50 51 42 71 77 87 13 54 36 64 21 78 52 89 0 32 74 28 30 40 42 29 76 73 48 62 30 47 45 3 61 73
77 34 26 94 34 30 6 0 3 29 65 96 3 36 93 50 77 51 63 9 47 19 37 69 52 37 32 24 26 73 23 86 80 58 2 10 60 29 99 73 80 16 63 3 51 59 52 69 12 36 10 29 87 70 64 8 79 49 17 48 19 5 92 79 41 5 37 24 5 1 83 41 14 61 29 7 14 20 8 45 35 82 62 22 42 30 44 14 11 98 54 82 89 83 79 35 35 4 45 13 56 37 19 0 37 14 67 21 82 92 89 27 35 27 8 9 59 82 58 94 22 82 48 11 65 40
85 93 81 14 57 45 6 33 23 7 0 41 6 73 79 42 8 8 93 19 13 46 64 86 96 29 36 10 45 16 75 75 3 23 52 62 50 8 76 79 62 84 9 34 72 55 88 19 16 5 55 40 71 32 76 75 3 15 55 38 52 68 6 62 35 58 74 17 57 38 60 71 29 43 62 13 63 80 25 30 76 29 38 11 72 62 32 13 86 46 43 42 76 52 62 83 97 97 33 31 16 15 41 95 16 3 67 46 39 75 24 81 89 98 66 96 38 6 97 34 2 98 53 54 91 97
3 58 81 57 54 48 62 79 23 49 99 6 7 62 20 12 80 73 84 3 37 95 65 54 22 3 77 88 34 39 50 40 72 6 74 86 56 83 68 20 28 98 82 19 89 0 97 95 35 24 80 37 8 27 91 16 54 81 23 78 7 91 77 11 94 35 12 88 53 57 58 55 34 15 40 10 42 39 66 20 57 77 34 48 56 76 42 49 2 80 45 89 41 38 52 57 74 32 18 25 41 27 31 67 94 78 55 94 61 68 76 14 12 43 19 1 75 96 40 60 6 57 58 77 59 64
65 21 32 50 1 79 4 90 49 58 28 52 90 41 69 30 16 19 30 15 84 93 24 28 85 78 86 22 65 40 79 48 12 29 96 63 59 63 69 91 65 70 84 8 20 80 58 92 3 42 24 12 33 57 5 0 2 68 54 37 61 40 0 56 2 45 98 88 74 29 56 79 82 62 84 20 70 20 26 11 32 77 80 8 59 18 71 1 83 45 37 26 61 8 20 85 95 10 35 72 32 77 33 34 42 33 34 11 80 84 98 37 91 34 45 99 66 91 29 63 21 48 28 95 67 63
91 73 51 43 72 97 67 38 1 32 72 64 50 54 84 22 53 24 66 99 94 0 51 10 32 39 10 26 38 27 32 86 99 64 20 66 98 12 22 85 96 83 96 71 85 47 40 90 95 17 88 83 68 45 66 14 94 23 27 57 96 22 22 45 32 99 1 4 50 38 56 42 26 16 88 19 31 8 97 18 87 17 48 79 60 39 64 62 83 8 79 62 93 57 23 90 32 3 33 83 85 27 39 40 42 36 48 3 26 53 25 95 97 30 41 88 85 40 31 33 21 69 6 37 50 63
5 50 32 32 71 63 84 97 5 42 98 86 90 24 30 44 27 83 88 39 43 40 33 89 30 24 45 2 44 42 15 87 17 12 73 26 48 39 10 82 45 35 21 19 24 3 33 6 15 52 44 58 43 75 7 48 7 33 81 99 25 76 11 56 1 25 14 53 33 55 66 80 94 73 30 77 91 53 22 59 61 16 1 56 99 89 68 50 18 58 68 1 23 11 90 48 57 71 80 17 76 41 89 22 29 52 27 9 44 39 38 66 94 0 14 58 43 53 9 99 10 87 40 39 15 10
5 19 98 59 73 72 95 53 59 85 60 5 10 90 63 77 1 56 63 8 96 73 24 60 9 79 24 85 15 27 93 9 15 0 63 49 40 70 88 43 68 49 82 37 84 55 22 49 57 62 26 52 67 84 82 70 87 38 9 14 91 7 67 58 56 45 20 35 16 69 3 10 31 24 92 33 47 71 14 24 93 61 58 68 51 43 43 16 27 2 43 5 96 47 23 78 10 65 19 85 23 19 74 11 51 69 1 81 46 3 61 97 61 37 41 35 38 92 13 54 51 47 77 70 71 41
13 7 46 16 24 51 5 53 78 81 79 21 45 76 50 28 92 77 16 56 6 18 12 4 48 42 3 82 95 32 16 20 27 84 9 29 99 18 74 96 38 39 34 88 6 50 77 70 30 95 73 69 49 58 30 16 92 5 28 98 36 24 94 10 80 25 93 11 84 94 28 29 96 56 4 51 92 77 6 76 12 43 91 20 43 95 28 93 98 64 40 47 86 34 47 65 50 29 89 61 54 71 47 93 62 52 1 43 27 83 35 97 42 51 55 78 79 27 56 34 71 39 80 88 39 79
74 52 41 57 21 64 39 87 81 21 43 36 35 72 78 60 83 82 71 6 79 12 93 46 20 62 64 32 35 21 79 6 91 27 91 93 92 97 8 77 15 36 58 90 19 27 32 73 3 36 75 76 76 18 95 76 52 3 92 46 91 91 56 81 92 69 91 40 16 21 39 20 58 91 82 69 4 13 48 29 7 58 35 23 13 55 14 84 11 93 17 51 10 26 62 18 24 82 90 30 46 13 72 72 88 8 37 78 77 68 64 94 11 6 68 6 78 36 79 90 45 98 85 82 23 72
6 39 0 42 1 75 42 12 65 82 22 34 77 27 18 29 19 35 26 46 91 17 54 10 8 69 91 34 84 25 71 6 26 38 53 17 7 33 2 67 6 57 89 41 45 78 68 50 31 18 0 92 53 60 7 96 88 52 95 56 46 0 4 31 89 1 34 69 4 2 3 20 87 20 2 37 33 88 97 10 54 48 15 72 4 71 35 96 1 69 66 58 14 30 96 37 99 44 32 71 55 21 95 47 70 21 8 20 9 2 41 39 20 11 86 88 84 13 26 39 31 60 94 6 99 33
32 77 50 32 12 85 74 33 50 27 0 76 19 98 34 96 71 2 15 99 70 92 33 49 10 46 56 52 96 67 29 45 23 53 66 82 9 6 79 67 80 10 43 90 60 8 38 74 69 81 79 9 82 49 70 75 9 70 72 25 91 75 88 65 65 52 55 49 52 45 92 2 88 89 81 99 15 52 66 52 16 40 93 39 51 33 5 33 19 23 9 91 46 92 91 33 45 86 72 93 27 97 76 50 56 81 38 47 1 17 47 29 52 88 74 36 81 62 97 12 55 55 75 31 82 15
27 39 7 92 14 49 70 31 87 87 41 95 10 54 85 10 30 20 83 44 72 50 69 73 60 57 65 30 28 32 27 87 43 81 81 53 26 80 18 37 70 18 2 65 49 72 66 45 67 37 36 89 49 51 76 79 38 70 31 32 12 47 72 20 26 38 20 1 8 41 10 9 13 20 1 20 84 60 34 7 5 59 11 59 54 7 82 57 17 91 90 59 79 55 36 20 21 54 94 28 31 76 6 95 89 24 27 72 12 43 97 64 64 98 72 95 41 31 33 30 30 58 96 87 13 77
2 46 70 11 71 25 60 50 36 21 78 81 73 61 2 61 26 79 46 24 73 57 14 42 89 43 23 49 50 92 31 4 88 68 85 42 97 82 88 15 21 18 52 18 8 89 46 61 49 2 57 61 45 19 99 26 65 7 97 6 7 44 39 17 20 1 44 78 3 69 2 95 13 95 57 59 48 16 75 28 83 35 51 49 31 74 65 76 64 19 99 73 61 93 0 29 48 57 1 69 99 29 9 81 13 7 69 99 45 87 37 84 85 71 43 16 59 69 38 18 9 24 98 49 87 95
40 41 1 84 77 60 7 3 6 56 10 63 8 96 12 80 43 83 75 63 4 58 88 99 23 42 39 62 79 20 11 87 85 49 64 53 58 93 37 31 65 26 10 67 84 14 37 11 70 15 36 15 16 55 6 6 6 68 84 21 28 26 68 25 19 65 98 23 1 23 80 42 40 44 52 63 30 46 0 79 24 7 53 44 57 48 12 41 12 30 40 55 39 23 6 20 24 13 24 73 91 29 12 3 29 10 91 9 99 93 60 21 28 41 71 67 88 19 30 46 57 9 45 57 81 6
8 46 17 51 42 76 42 87 11 66 77 38 15 89 18 56 32 17 54 32 27 18 44 31 56 43 2 19 8 97 31 93 65 97 43 89 70 21 49 59 54 9 82 14 80 13 31 39 14 60 81 76 8 95 62 81 85 10 1 70 21 9 30 16 84 47 54 92 5 30 35 12 79 51 63 63 11 93 58 80 42 83 10 88 29 82 22 85 47 92 52 24 10 9 58 73 97 17 53 82 23 13 46 82 24 62 28 54 65 42 76 72 79 96 38 84 70 25 97 45 17 36 89 18 25 39
22 34 11 8 50 56 59 96 85 46 89 59 13 0 45 48 65 22 85 97 72 54 25 30 25 82 72 69 97 35 86 41 80 1 83 53 56 19 53 89 39 12 23 2 10 90 90 74 66 51 43 12 19 80 58 67 46 1 85 95 15 7 18 43 56 62 65 63 29 20 73 8 91 60 20 6 58 45 41 92 78 51 13 33 51 53 49 37 69 92 75 43 92 46 69 26 87 21 86 62 68 95 24 62 73 98 54 91 51 71 80 10 54 36 57 41 54 65 94 20 55 18 16 32 34 11
73 71 74 27 30 59 66 28 67 40 63 49 32 27 98 28 18 68 89 73 99 53 94 26 18 95 15 53 62 0 52 44 66 82 78 57 14 74 1 38 38 94 54 99 32 65 38 58 31 79 70 29 83 59 41 37 91 82 26 57 20 85 80 72 28 49 48 95 11 1 15 26 90 76 27 45 90 87 14 1 81 80 70 48 83 25 27 17 90 2 33 54 51 60 66 15 69 81 18 98 36 41 39 70 69 8 34 40 87 83 99 57 59 4 49 73 91 90 87 3 72 51 94 48 50 16
99 98 93 7 67 62 20 68 88 47 32 1 81 77 37 42 28 42 36 99 11 14 63 31 88 6 92 15 52 30 79 71 88 31 33 37 97 10 50 49 89 86 12 37 24 96 86 7 54 31 73 55 76 38 49 49 57 62 0 87 87 41 33 34 75 53 11 34 25 41 52 4 87 30 92 66 45 67 11 60 88 79 85 51 13 14 69 62 93 31 21 96 99 15 49 77 49 5 5 58 15 11 30 61 74 12 19 34 60 43 7 34 24 33 30 95 30 18 44 20 22 57 85 18 58 94
60 12 77 3 94 31 62 37 40 75 38 81 20 69 46 99 45 62 63 44 17 7 74 23 43 1 15 43 83 90 26 81 54 17 79 59 43 29 16 49 75 30 16 80 57 69 30 49 17 60 49 16 37 78 92 52 22 18 83 0 12 17 41 90 25 62 3 38 48 13 60 35 11 96 8 83 3 10 79 7 91 73 83 81 90 68 94 53 1 14 48 61 35 11 4 4 3 41 57 91 99 93 82 10 84 58 6 51 74 44 16 69 12 30 10 74 47 3 41 95 24 29 53 44 86 95
0 66 1 94 5 36 87 95 74 18 64 89 61 32 57 74 22 84 46 80 53 10 28 6 89 44 50 36 51 71 23 10 17 25 10 52 41 7 67 61 87 0 44 59 65 45 77 8 69 19 33 76 25 44 62 42 67 62 88 31 41 62 77 57 54 81 14 25 74 96 32 26 92 10 6 65 16 90 62 13 10 9 84 79 1 18 2 67 7 48 47 19 27 46 12 95 85 26 25 86 77 26 97 21 4 96 29 93 55 86 26 91 99 15 56 30 36 7 56 99 56 77 16 40 1 43
89 51 74 34 44 59 67 61 32 2 50 18 15 58 71 23 72 87 34 99 89 89 57 56 0 66 17 46 74 89 11 79 5 89 73 62 72 40 68 30 18 58 62 17 5 31 96 51 57 7 63 84 67 85 19 86 35 60 38 62 46 7 82 38 7 88 13 8 38 69 29 58 36 7 63 46 5 40 16 92 26 41 88 10 34 29 19 84 94 20 50 0 58 76 48 19 17 28 22 81 56 77 15 6 44 5 45 69 99 38 12 90 39 84 73 83 61 88 62 31 63 75 64 44 52 75
71 81 70 34 76 7 1 34 78 65 32 85 9 81 30 74 5 0 59 7 64 81 52 62 51 26 26 30 46 28 97 47 79 34 11 96 2 85 36 32 7 43 35 10 24 9 75 24 56 33 72 26 14 68 86 87 81 20 22 80 9 80 72 5 73 22 17 84 3 85 58 88 26 7 90 33 3 71 32 63 96 35 88 69 91 20 85 36 62 48 90 49 24 41 46 39 30 38 38 78 73 10 46 32 35 21 34 40 50 25 93 55 34 3 4 15 51 28 55 12 61 47 71 72 66 28
40 34 31 37 11 9 12 77 5 56 17 84 72 53 66 95 86 36 80 96 64 84 51 42 75 53 95 79 80 33 65 68 97 30 11 92 74 18 29 78 99 61 27 63 4 27 68 99 45 11 67 29 27 2 31 76 61 84 25 8 18 68 84 84 36 8 92 45 59 17 54 0 15 18 96 76 32 35 9 52 17 52 53 73 90 9 12 40 78 5 84 27 68 55 88 42 3 94 40 13 30 93 65 10 59 77 75 92 62 62 45 37 8 3 14 56 60 45 55 21 4 50 71 77 5 48
47 75 1 75 97 74 14 95 79 39 54 69 6 44 0 72 70 13 58 3 24 1 54 16 88 0 64 11 12 23 54 76 86 75 41 73 47 7 91 64 97 28 64 62 29 85 75 5 96 53 42 39 42 47 86 26 72 21 37 72 10 97 36 51 91 23 82 38 69 19 72 8 78 17 22 52 19 75 10 49 90 9 36 83 72 60 87 39 25 76 50 57 31 84 96 98 21 8 90 20 40 63 32 33 66 26 80 45 32 20 10 36 41 51 27 43 27 88 13 39 41 78 30 87 80 96
20 45 12 54 68 13 58 31 30 54 6 45 52 15 25 0 82 89 16 63 19 91 30 25 93 30 22 6 11 0 23 8 75 79 70 12 21 72 46 42 60 24 4 26 48 59 99 64 83 15 26 46 2 67 93 61 71 55 53 89 58 15 1 91 0 6 49 41 58 38 94 12 87 19 97 18 39 13 66 89 10 37 21 30 67 38 42 2 7 22 56 72 6 20 66 57 70 6 49 3 47 79 58 23 59 36 46 22 64 22 19 73 81 31 17 47 49 64 83 33 37 11 97 83 66 78
